td_0_string=999-29
td_0_data=520.000000 70.000000 1 0 1 0 0.325000 1.200000 1687547391 255 50 0 400.000000 17.000000 0 2 1 0 1 1 -10.000000 0.000000 -20.000000 1.000000 255 255 50 
td_0_bar_data=100.000000 0 
