td_0_string=_
td_0_data=317.000000 369.000000 1 0 1 0 0.600000 1.500002 -1061109505 255 -1061109683 1 298.500000 128.500000 0 2 1 0 1 1 -10.000000 0.000000 -20.000000 1.000000 255 255 77 
td_0_bar_data=100.000000 0 
td_1_string=LD_SPAC:white
td_1_data=253.000000 369.000000 4 0 1 0 0.600000 2.000000 1687547391 255 50 1 128.000000 13.500000 0 1 1 0 1 1 -10.000000 0.000000 -20.000000 1.000000 255 255 50 
td_1_bar_data=100.000000 0 
td_2_string=Tekan_N_untuk_ewean
td_2_data=316.000000 372.000000 1 0 0 0 0.137500 0.700000 -1 255 50 0 400.000000 17.000000 0 2 1 0 1 1 -10.000000 0.000000 -20.000000 1.000000 255 255 50 
td_2_bar_data=100.000000 0 
td_3_string=LD_SPAC:white
td_3_data=258.000000 369.000000 4 0 1 0 0.600000 2.000000 1296911871 255 50 1 7.500000 13.500000 0 1 1 0 1 1 -10.000000 0.000000 -20.000000 1.000000 255 255 50 
td_3_bar_data=100.000000 0 
td_4_string=LD_SPAC:white
td_4_data=369.000000 369.000000 4 0 1 0 0.600000 2.000000 1296911871 255 50 1 7.500000 13.500000 0 1 1 0 1 1 -10.000000 0.000000 -20.000000 1.000000 255 255 50 
td_4_bar_data=100.000000 0 
