td_0_string=_
td_0_data=181.000000 337.000000 1 1 1 0 0.600000 6.399999 -1 255 -16776961 1 355.000000 39.000000 0 2 1 0 1 1 -10.000000 0.000000 -20.000000 1.000000 255 255 255 
td_0_bar_data=100.000000 0 
td_1_string=Event Balapan sanfierro news
td_1_data=210.000000 339.000000 1 1 0 0 0.412500 1.950000 255 255 50 0 400.000000 17.000000 0 1 1 0 1 1 -10.000000 0.000000 -20.000000 1.000000 255 255 50 
td_1_bar_data=100.000000 0 
td_2_string=LIVE
td_2_data=168.000000 348.000000 1 1 0 0 0.412500 1.950000 -1 255 50 0 400.000000 17.000000 0 1 1 0 1 1 -10.000000 0.000000 -20.000000 1.000000 255 255 50 
td_2_bar_data=100.000000 0 
td_3_string=_
td_3_data=345.000000 337.000000 1 1 1 0 0.600000 4.749993 -1 255 -1 1 355.000000 283.000000 0 2 1 0 1 1 -10.000000 0.000000 -20.000000 1.000000 255 255 255 
td_3_bar_data=100.000000 0 
td_4_string=_
td_4_data=345.000000 384.000000 1 1 1 0 0.600000 1.149993 -1 255 255 1 355.000000 283.000000 0 2 1 0 1 1 -10.000000 0.000000 -20.000000 1.000000 255 255 255 
td_4_bar_data=100.000000 0 
td_5_string=BROADCASTER: Thomas_Slebew
td_5_data=209.000000 384.000000 1 1 0 0 0.183333 0.900000 -1 255 50 0 400.000000 17.000000 0 1 1 0 1 1 -10.000000 0.000000 -20.000000 1.000000 255 255 50 
td_5_bar_data=100.000000 0 
