td_0_string=TextDraw
td_0_data=209.000000 201.000000 1 1 1 0 0.600000 2.000000 -1 255 50 1 400.000000 17.000000 0 1 1 0 1 1 -10.000000 0.000000 -20.000000 1.000000 255 255 50 
td_0_bar_data=100.000000 0 
td_1_string=LD_BUM:blkdot
td_1_data=77.000000 172.000000 4 1 1 0 0.600000 2.000000 -165 255 50 1 118.000000 51.500000 0 1 1 0 1 1 -10.000000 0.000000 -20.000000 1.000000 91 255 50 
td_1_bar_data=100.000000 0 
