td_0_string=ld_dual:white
td_0_data=450.000000 210.000000 4 0 1 0 0.600000 2.000000 -269951233 255 50 1 88.000000 208.000000 0 1 1 0 1 1 -10.000000 0.000000 -20.000000 1.000000 255 255 50 
td_0_bar_data=100.000000 0 
td_1_string=ld_dual:white
td_1_data=450.000000 210.000000 4 0 1 0 0.600000 2.000000 56645887 255 50 1 88.000000 22.500000 0 1 1 0 1 1 -10.000000 0.000000 -20.000000 1.000000 255 255 50 
td_1_bar_data=100.000000 0 
td_2_string=ld_dual:white
td_2_data=454.000000 394.000000 4 0 1 0 0.600000 2.000000 -1 255 50 1 80.500000 17.500000 1 1 1 0 1 1 -10.000000 0.000000 -20.000000 1.000000 255 255 50 
td_2_bar_data=100.000000 0 
td_3_string=type_something
td_3_data=460.000000 399.000000 1 0 0 0 0.112500 0.700000 1296911871 255 50 0 400.000000 17.000000 0 1 1 0 1 1 -10.000000 0.000000 -20.000000 1.000000 255 255 50 
td_3_bar_data=100.000000 0 
td_4_string=ld_dual:white
td_4_data=450.000000 361.000000 4 0 1 0 0.600000 2.000000 -486553601 255 50 1 88.000000 19.000000 0 1 1 0 1 1 -10.000000 0.000000 -20.000000 1.000000 255 255 50 
td_4_bar_data=100.000000 0 
