td_0_string=ld_dual:white
td_0_data=16.000000 228.000000 4 1 1 0 0.600000 2.000000 65430 255 50 1 43.000000 17.000000 0 1 1 0 1 1 -10.000000 0.000000 -20.000000 1.000000 150 255 50 
td_0_bar_data=100.000000 0 
td_1_string=ld_dual:white
td_1_data=59.000000 228.000000 4 1 1 0 0.600000 2.000000 -16777066 255 50 1 43.000000 17.000000 0 1 1 0 1 1 -10.000000 0.000000 -20.000000 1.000000 150 255 50 
td_1_bar_data=100.000000 0 
td_2_string=ld_dual:white
td_2_data=16.000000 245.000000 4 1 1 0 0.600000 2.000000 150 255 50 1 86.000000 36.500000 0 1 1 0 1 1 -10.000000 0.000000 -20.000000 1.000000 150 255 50 
td_2_bar_data=100.000000 0 
td_3_string=Time_remaining:_00:23~n~Suspect_left:_2~n~Your_state:_Police
td_3_data=21.000000 249.000000 1 0 0 0 0.179166 0.949999 -1 255 50 0 400.000000 17.000000 0 1 1 0 1 1 -10.000000 0.000000 -20.000000 1.000000 255 255 50 PURSUIT_BOX_TEXT
td_3_bar_data=100.000000 0 
