td_0_string=ld_dual:white
td_0_data=125.000000 98.000000 4 0 1 0 0.600000 2.000000 1296911836 255 50 1 417.000000 265.000000 0 1 1 0 1 1 -10.000000 0.000000 -20.000000 1.000000 220 255 50 
td_0_bar_data=100.000000 0 
td_1_string=ld_dual:white
td_1_data=125.000000 324.000000 4 0 1 0 0.600000 2.000000 -1094795556 255 50 1 98.000000 26.000000 1 1 1 0 1 1 -10.000000 0.000000 -20.000000 1.000000 220 255 50 
td_1_bar_data=100.000000 0 
td_2_string=E Class
td_2_data=134.000000 326.000000 1 0 0 1 0.645833 1.999999 -1 255 50 0 400.000000 17.000000 0 1 1 0 1 1 -10.000000 0.000000 -20.000000 1.000000 255 255 50 
td_2_bar_data=100.000000 0 
td_3_string=ld_dual:white
td_3_data=125.000000 284.000000 4 0 1 0 0.600000 2.000000 -1094795556 255 50 1 98.000000 26.000000 1 1 1 0 1 1 -10.000000 0.000000 -20.000000 1.000000 220 255 50 
td_3_bar_data=100.000000 0 
td_4_string=D Class
td_4_data=134.000000 286.000000 1 0 0 1 0.645833 1.999999 -1 255 50 0 400.000000 17.000000 0 1 1 0 1 1 -10.000000 0.000000 -20.000000 1.000000 255 255 50 
td_4_bar_data=100.000000 0 
td_5_string=ld_dual:white
td_5_data=125.000000 243.000000 4 0 1 0 0.600000 2.000000 -1094795556 255 50 1 98.000000 26.000000 1 1 1 0 1 1 -10.000000 0.000000 -20.000000 1.000000 220 255 50 
td_5_bar_data=100.000000 0 
td_6_string=C Class
td_6_data=134.000000 246.000000 1 0 0 1 0.645833 1.999999 -1 255 50 0 400.000000 17.000000 0 1 1 0 1 1 -10.000000 0.000000 -20.000000 1.000000 255 255 50 
td_6_bar_data=100.000000 0 
td_7_string=ld_dual:white
td_7_data=125.000000 200.000000 4 0 1 0 0.600000 2.000000 -1094795556 255 50 1 98.000000 26.000000 1 1 1 0 1 1 -10.000000 0.000000 -20.000000 1.000000 220 255 50 
td_7_bar_data=100.000000 0 
td_8_string=B Class
td_8_data=134.000000 203.000000 1 0 0 1 0.645833 1.999999 -1 255 50 0 400.000000 17.000000 0 1 1 0 1 1 -10.000000 0.000000 -20.000000 1.000000 255 255 50 
td_8_bar_data=100.000000 0 
td_9_string=ld_dual:white
td_9_data=125.000000 156.000000 4 0 1 0 0.600000 2.000000 -1094795556 255 50 1 98.000000 26.000000 1 1 1 0 1 1 -10.000000 0.000000 -20.000000 1.000000 220 255 50 
td_9_bar_data=100.000000 0 
td_10_string=A Class
td_10_data=134.000000 159.000000 1 0 0 1 0.645833 1.999999 -1 255 50 0 400.000000 17.000000 0 1 1 0 1 1 -10.000000 0.000000 -20.000000 1.000000 255 255 50 
td_10_bar_data=100.000000 0 
td_11_string=ld_dual:white
td_11_data=125.000000 113.000000 4 0 1 0 0.600000 2.000000 -1094795556 255 50 1 98.000000 26.000000 1 1 1 0 1 1 -10.000000 0.000000 -20.000000 1.000000 220 255 50 
td_11_bar_data=100.000000 0 
td_12_string=X Class
td_12_data=134.000000 116.000000 1 0 0 1 0.645833 1.999999 -1 255 50 0 400.000000 17.000000 0 1 1 0 1 1 -10.000000 0.000000 -20.000000 1.000000 255 255 50 
td_12_bar_data=100.000000 0 
td_13_string=ld_dual:white
td_13_data=125.000000 98.000000 4 0 1 0 0.600000 2.000000 1687547356 255 50 1 417.000000 6.500000 0 1 1 0 1 1 -10.000000 0.000000 -20.000000 1.000000 220 255 50 
td_13_bar_data=100.000000 0 
td_14_string=ld_dual:white
td_14_data=125.000000 358.000000 4 0 1 0 0.600000 2.000000 1687547356 255 50 1 417.000000 6.500000 0 1 1 0 1 1 -10.000000 0.000000 -20.000000 1.000000 220 255 50 
td_14_bar_data=100.000000 0 
td_15_string=ld_dual:white
td_15_data=119.000000 98.000000 4 0 1 0 0.600000 2.000000 1687547356 255 50 1 6.000000 266.500000 0 1 1 0 1 1 -10.000000 0.000000 -20.000000 1.000000 220 255 50 
td_15_bar_data=100.000000 0 
td_16_string=ld_dual:white
td_16_data=542.000000 98.000000 4 0 1 0 0.600000 2.000000 1687547356 255 50 1 6.000000 266.500000 0 1 1 0 1 1 -10.000000 0.000000 -20.000000 1.000000 220 255 50 
td_16_bar_data=100.000000 0 
