td_0_string=ld_dual:white
td_0_data=583.000000 134.000000 4 0 1 0 0.600000 2.000000 -1 255 50 1 22.500000 22.500000 0 1 1 0 1 1 -10.000000 0.000000 -20.000000 1.000000 255 255 50 
td_0_bar_data=100.000000 0 
td_1_string=ld_dual:white
td_1_data=585.000000 136.000000 4 0 1 0 0.600000 2.000000 1296911871 255 50 1 18.500000 19.000000 0 1 1 0 1 1 -10.000000 0.000000 -20.000000 1.000000 255 255 50 
td_1_bar_data=100.000000 0 
td_2_string=ld_dual:white
td_2_data=585.000000 136.000000 4 0 1 0 0.600000 2.000000 1687547391 255 50 1 18.500000 19.000000 0 1 1 0 1 1 -10.000000 0.000000 -20.000000 1.000000 255 255 50 THIRSTBAR
td_2_bar_data=100.000000 0 
td_3_string=ld_dual:white
td_3_data=556.000000 134.000000 4 0 1 0 0.600000 2.000000 -1 255 50 1 22.500000 22.500000 0 1 1 0 1 1 -10.000000 0.000000 -20.000000 1.000000 255 255 50 
td_3_bar_data=100.000000 0 
td_4_string=ld_dual:white
td_4_data=558.000000 136.000000 4 0 1 0 0.600000 2.000000 1296911871 255 50 1 18.500000 19.000000 0 1 1 0 1 1 -10.000000 0.000000 -20.000000 1.000000 255 255 50 
td_4_bar_data=100.000000 0 
td_5_string=100
td_5_data=567.000000 139.000000 1 0 0 0 0.212500 1.200000 -1 255 50 0 400.000000 17.000000 0 2 1 0 1 1 -10.000000 0.000000 -20.000000 1.000000 255 255 50 HUNGERTEXT
td_5_bar_data=100.000000 0 
td_6_string=100
td_6_data=594.000000 139.000000 1 0 0 0 0.212500 1.200000 -1 255 50 0 400.000000 17.000000 0 2 1 0 1 1 -10.000000 0.000000 -20.000000 1.000000 255 255 50 THIRSTTEXT
td_6_bar_data=100.000000 0 
td_7_string=ld_dual:white
td_7_data=558.000000 136.000000 4 0 1 0 0.600000 2.000000 852308735 255 50 1 18.500000 19.000000 0 1 1 0 1 1 -10.000000 0.000000 -20.000000 1.000000 255 255 50 HUNGERBAR
td_7_bar_data=100.000000 0 
