td_0_string=ld_dual:white
td_0_data=26.000000 428.000000 4 0 1 0 0.600000 2.000000 -1 255 50 1 20.000000 12.000000 0 1 1 0 1 1 -10.000000 0.000000 -20.000000 1.000000 255 255 50 
td_0_bar_data=100.000000 0 
td_1_string=ld_dual:white
td_1_data=27.000000 429.000000 4 0 1 0 0.600000 2.000000 1296911775 255 50 1 18.000000 9.500000 0 1 1 0 1 1 -10.000000 0.000000 -20.000000 1.000000 159 255 50 
td_1_bar_data=100.000000 0 
td_2_string=ld_dual:white
td_2_data=27.000000 429.000000 4 0 1 0 0.600000 2.000000 1304723711 255 50 1 18.000000 9.500000 0 1 1 0 1 1 -10.000000 0.000000 -20.000000 1.000000 255 255 50 HBE_HP
td_2_bar_data=100.000000 0 
td_3_string=ld_dual:white
td_3_data=47.000000 428.000000 4 0 1 0 0.600000 2.000000 -1 255 50 1 20.000000 12.000000 0 1 1 0 1 1 -10.000000 0.000000 -20.000000 1.000000 255 255 50 
td_3_bar_data=100.000000 0 
td_4_string=ld_dual:white
td_4_data=48.000000 429.000000 4 0 1 0 0.600000 2.000000 1296911775 255 50 1 18.000000 9.500000 0 1 1 0 1 1 -10.000000 0.000000 -20.000000 1.000000 159 255 50 
td_4_bar_data=100.000000 0 
td_5_string=ld_dual:white
td_5_data=48.000000 429.000000 4 0 1 0 0.600000 2.000000 -1061109505 255 50 1 18.000000 9.500000 0 1 1 0 1 1 -10.000000 0.000000 -20.000000 1.000000 255 255 50 HBE_AP
td_5_bar_data=100.000000 0 
td_6_string=ld_dual:white
td_6_data=68.000000 428.000000 4 0 1 0 0.600000 2.000000 -1 255 50 1 13.000000 12.000000 0 1 1 0 1 1 -10.000000 0.000000 -20.000000 1.000000 255 255 50 
td_6_bar_data=100.000000 0 
td_7_string=ld_dual:white
td_7_data=69.000000 429.000000 4 0 1 0 0.600000 2.000000 1296911775 255 50 1 11.000000 9.500000 0 1 1 0 1 1 -10.000000 0.000000 -20.000000 1.000000 159 255 50 
td_7_bar_data=100.000000 0 
td_8_string=ld_dual:white
td_8_data=69.000000 438.500000 4 0 1 0 0.600000 2.000000 -493150465 255 50 1 11.000000 -9.500000 0 1 1 0 1 1 -10.000000 0.000000 -20.000000 1.000000 255 255 50 HBE_HUNGER
td_8_bar_data=100.000000 0 
td_9_string=ld_dual:white
td_9_data=82.000000 428.000000 4 0 1 0 0.600000 2.000000 -1 255 50 1 13.000000 12.000000 0 1 1 0 1 1 -10.000000 0.000000 -20.000000 1.000000 255 255 50 
td_9_bar_data=100.000000 0 
td_10_string=ld_dual:white
td_10_data=83.000000 429.000000 4 0 1 0 0.600000 2.000000 1296911775 255 50 1 11.000000 9.500000 0 1 1 0 1 1 -10.000000 0.000000 -20.000000 1.000000 159 255 50 
td_10_bar_data=100.000000 0 
td_11_string=ld_dual:white
td_11_data=83.000000 438.500000 4 0 1 0 0.600000 2.000000 1352519679 255 50 1 11.000000 -9.500000 0 1 1 0 1 1 -10.000000 0.000000 -20.000000 1.000000 255 255 50 HBE_THIRST
td_11_bar_data=100.000000 0 
td_12_string=HUD:radar_girlfriend
td_12_data=33.500000 431.000000 4 0 1 0 0.600000 2.000000 -1 255 50 1 5.000000 5.000000 0 1 1 0 1 1 -10.000000 0.000000 -20.000000 1.000000 255 255 50 
td_12_bar_data=100.000000 0 
td_13_string=HUD:radar_tshirt
td_13_data=54.500000 431.000000 4 0 1 0 0.600000 2.000000 1296911871 255 50 1 5.000000 5.000000 0 1 1 0 1 1 -10.000000 0.000000 -20.000000 1.000000 255 255 50 
td_13_bar_data=100.000000 0 
td_14_string=HUD:radar_burgershot
td_14_data=72.000000 431.000000 4 0 1 0 0.600000 2.000000 -1 255 50 1 5.000000 5.000000 0 1 1 0 1 1 -10.000000 0.000000 -20.000000 1.000000 255 255 50 
td_14_bar_data=100.000000 0 
td_15_string=HUD:radar_diner
td_15_data=86.000000 431.000000 4 0 1 0 0.600000 2.000000 -1 255 50 1 5.000000 5.000000 0 1 1 0 1 1 -10.000000 0.000000 -20.000000 1.000000 255 255 50 
td_15_bar_data=100.000000 0 
