td_0_string=ld_dual:white
td_0_data=159.000000 403.000000 4 0 1 0 0.600000 2.000000 -1 255 50 1 321.000000 10.000000 0 1 1 0 1 1 -10.000000 0.000000 -20.000000 1.000000 255 255 50 
td_0_bar_data=100.000000 0 
td_1_string=ld_dual:white
td_1_data=160.000000 404.000000 4 0 1 0 0.600000 2.000000 1296911871 255 50 1 319.000000 8.000000 0 1 1 0 1 1 -10.000000 0.000000 -20.000000 1.000000 255 255 50 
td_1_bar_data=100.000000 0 
td_2_string=LOADING
td_2_data=323.000000 404.000000 1 0 0 0 0.150000 0.800000 -1 255 50 0 400.000000 17.000000 0 2 1 0 1 1 -10.000000 0.000000 -20.000000 1.000000 255 255 50 
td_2_bar_data=100.000000 0 
