td_0_string=ld_dual:white
td_0_data=14.000000 172.000000 4 0 1 0 0.600000 2.000000 -16777189 174 50 1 210.000000 11.500000 0 1 1 0 1 1 -10.000000 0.000000 -20.000000 1.000000 27 174 50 
td_0_bar_data=100.000000 0 
