td_0_string=ld_dual:white
td_0_data=527.000000 123.000000 4 0 1 0 0.600000 2.000000 893010175 255 50 1 98.000000 36.000000 0 1 1 0 1 1 -10.000000 0.000000 -20.000000 1.000000 255 255 50 
td_0_bar_data=100.000000 0 
td_1_string=ld_dual:white
td_1_data=527.000000 123.000000 4 0 1 0 0.600000 2.000000 -867809793 255 50 1 1.500000 36.000000 0 1 1 0 1 1 -10.000000 0.000000 -20.000000 1.000000 255 255 50 
td_1_bar_data=100.000000 0 
td_2_string=TITLE
td_2_data=532.000000 126.000000 1 0 0 0 0.204164 0.850000 -1 255 50 0 400.000000 17.000000 0 1 1 0 1 1 -10.000000 0.000000 -20.000000 1.000000 255 255 50 
td_2_bar_data=100.000000 0 
td_3_string=This_Is_Caption
td_3_data=532.000000 135.000000 1 0 0 1 0.141664 0.600000 -1 255 50 0 400.000000 17.000000 0 1 1 0 1 1 -10.000000 0.000000 -20.000000 1.000000 255 255 50 
td_3_bar_data=100.000000 0 
td_4_string=GENERAL
td_4_data=532.000000 178.000000 1 0 0 0 0.204164 0.850000 -1734038529 255 50 0 400.000000 17.000000 0 1 1 0 1 1 -10.000000 0.000000 -20.000000 1.000000 255 255 50 
td_4_bar_data=100.000000 0 
td_5_string=INFO
td_5_data=532.000000 188.000000 1 0 0 0 0.204164 0.850000 1435819263 255 50 0 400.000000 17.000000 0 1 1 0 1 1 -10.000000 0.000000 -20.000000 1.000000 255 255 50 
td_5_bar_data=100.000000 0 
td_6_string=SUCCESS
td_6_data=532.000000 198.000000 1 0 0 0 0.204164 0.850000 1522112767 255 50 0 400.000000 17.000000 0 1 1 0 1 1 -10.000000 0.000000 -20.000000 1.000000 255 255 50 
td_6_bar_data=100.000000 0 
td_7_string=WARNING
td_7_data=532.000000 207.000000 1 0 0 0 0.204164 0.850000 -389732097 255 50 0 400.000000 17.000000 0 1 1 0 1 1 -10.000000 0.000000 -20.000000 1.000000 255 255 50 
td_7_bar_data=100.000000 0 
td_8_string=ld_dual:white
td_8_data=527.000000 157.000000 4 0 1 0 0.600000 2.000000 -867809793 255 50 1 98.000000 2.000000 0 1 1 0 1 1 -10.000000 0.000000 -20.000000 1.000000 255 255 50 
td_8_bar_data=100.000000 0 
