td_0_string=ld_dual:white
td_0_data=248.000000 177.000000 4 0 1 0 0.600000 2.000000 123838463 255 50 1 56.500000 17.500000 1 1 1 0 1 1 -10.000000 0.000000 -20.000000 1.000000 255 255 50 INTERACT_VEH
td_0_bar_data=100.000000 0 
td_1_string=KENDARAAN
td_1_data=276.000000 181.000000 1 0 0 1 0.216666 0.850000 -1 255 50 0 400.000000 17.000000 0 2 1 0 1 1 -10.000000 0.000000 -20.000000 1.000000 255 255 50 
td_1_bar_data=100.000000 0 
td_2_string=ld_dual:white
td_2_data=248.000000 199.000000 4 0 1 0 0.600000 2.000000 123838463 255 50 1 56.500000 17.500000 1 1 1 0 1 1 -10.000000 0.000000 -20.000000 1.000000 255 255 50 INTERACT_ITEM
td_2_bar_data=100.000000 0 
td_3_string=INVENTORY
td_3_data=276.000000 203.000000 1 0 0 1 0.216666 0.850000 -1 255 50 0 400.000000 17.000000 0 2 1 0 1 1 -10.000000 0.000000 -20.000000 1.000000 255 255 50 
td_3_bar_data=100.000000 0 
td_4_string=ld_dual:white
td_4_data=248.000000 222.000000 4 0 1 0 0.600000 2.000000 123838463 255 50 1 56.500000 17.500000 1 1 1 0 1 1 -10.000000 0.000000 -20.000000 1.000000 255 255 50 INTERACT_INVOICE
td_4_bar_data=100.000000 0 
td_5_string=TAGIHAN
td_5_data=276.000000 226.000000 1 0 0 1 0.216666 0.850000 -1 255 50 0 400.000000 17.000000 0 2 1 0 1 1 -10.000000 0.000000 -20.000000 1.000000 255 255 50 
td_5_bar_data=100.000000 0 
td_6_string=ld_dual:white
td_6_data=248.000000 245.000000 4 0 1 0 0.600000 2.000000 123838463 255 50 1 56.500000 17.500000 1 1 1 0 1 1 -10.000000 0.000000 -20.000000 1.000000 255 255 50 INTERACT_PHONE
td_6_bar_data=100.000000 0 
td_7_string=RADIO
td_7_data=276.000000 249.000000 1 0 0 1 0.216666 0.850000 -1 255 50 0 400.000000 17.000000 0 2 1 0 1 1 -10.000000 0.000000 -20.000000 1.000000 255 255 50 
td_7_bar_data=100.000000 0 
td_8_string=ld_dual:white
td_8_data=248.000000 268.000000 4 0 1 0 0.600000 2.000000 123838463 255 50 1 56.500000 17.500000 1 1 1 0 1 1 -10.000000 0.000000 -20.000000 1.000000 255 255 50 INTERACT_GENERAL
td_8_bar_data=100.000000 0 
td_9_string=GENERAL
td_9_data=276.000000 272.000000 1 0 0 1 0.216666 0.850000 -1 255 50 0 400.000000 17.000000 0 2 1 0 1 1 -10.000000 0.000000 -20.000000 1.000000 255 255 50 
td_9_bar_data=100.000000 0 
td_10_string=ld_dual:white
td_10_data=248.000000 292.000000 4 0 1 0 0.600000 2.000000 123838463 255 50 1 56.500000 17.500000 1 1 1 0 1 1 -10.000000 0.000000 -20.000000 1.000000 255 255 50 INTERACT_JOB
td_10_bar_data=100.000000 0 
td_11_string=PEKERJAAN
td_11_data=276.000000 296.000000 1 0 0 1 0.216666 0.850000 -1 255 50 0 400.000000 17.000000 0 2 1 0 1 1 -10.000000 0.000000 -20.000000 1.000000 255 255 50 
td_11_bar_data=100.000000 0 
td_12_string=ld_dual:white
td_12_data=310.000000 292.000000 4 0 1 0 0.600000 2.000000 -1962934017 255 50 1 56.500000 17.500000 1 1 1 0 1 1 -10.000000 0.000000 -20.000000 1.000000 255 255 50 INTERACT_CLOSE
td_12_bar_data=100.000000 0 
td_13_string=TUTUP
td_13_data=338.000000 296.000000 1 0 0 1 0.216666 0.850000 -1 255 50 0 400.000000 17.000000 0 2 1 0 1 1 -10.000000 0.000000 -20.000000 1.000000 255 255 50 
td_13_bar_data=100.000000 0 
