td_0_string=00:00
td_0_data=155.000000 407.000000 1 0 0 0 0.183333 0.900000 -1 255 50 0 400.000000 17.000000 0 1 1 0 1 1 -10.000000 0.000000 -20.000000 1.000000 255 255 50 
td_0_bar_data=100.000000 0 
td_1_string=100 ~r~KMH ~w~100 ~r~FUEL
td_1_data=155.000000 416.000000 1 0 0 0 0.183333 0.900000 -1 255 50 0 400.000000 17.000000 0 1 1 0 1 1 -10.000000 0.000000 -20.000000 1.000000 255 255 50 
td_1_bar_data=100.000000 0 
td_2_string=~y~NE ~w~I Los Santos I Ganton Street
td_2_data=155.000000 425.000000 1 0 0 0 0.183333 0.900000 -1 255 50 0 400.000000 17.000000 0 1 1 0 1 1 -10.000000 0.000000 -20.000000 1.000000 255 255 50 
td_2_bar_data=100.000000 0 
