td_0_string=1000
td_0_data=519.000000 66.000000 1 0 1 0 0.237500 1.149999 -1061109505 255 50 0 400.000000 17.000000 0 2 1 0 1 1 -10.000000 0.000000 -20.000000 1.000000 255 255 50 
td_0_bar_data=100.000000 0 
