td_0_string=ld_dual:white
td_0_data=531.000000 123.000000 4 0 1 0 0.600000 2.000000 2009626623 255 50 1 97.000000 19.000000 0 1 1 0 1 1 -10.000000 0.000000 -20.000000 1.000000 255 255 50 
td_0_bar_data=100.000000 0 
td_1_string=SUCCESS
td_1_data=534.500000 126.000000 1 0 0 0 0.158333 0.699998 255 255 50 0 400.000000 17.000000 0 1 1 0 1 1 -10.000000 0.000000 -20.000000 1.000000 255 255 50 
td_1_bar_data=100.000000 0 
td_2_string=Tidak_Dapat_Ngewe
td_2_data=535.000000 133.000000 1 0 0 0 0.104166 0.600000 -1 255 50 0 400.000000 17.000000 0 1 1 0 1 1 -10.000000 0.000000 -20.000000 1.000000 255 255 50 
td_2_bar_data=100.000000 0 
