td_0_string=_
td_0_data=111.000000 185.000000 1 0 1 0 1.266666 1.150001 -16776961 255 -16777136 1 361.000000 208.000000 0 2 1 0 1 1 -10.000000 0.000000 -20.000000 1.000000 255 255 80 
td_0_bar_data=100.000000 0 
td_1_string=dasidjsaidjasidjasidasjidasjidsajdiasjdiasdjasidjasidjasidjasidjasidjasisdaiajdsaidjasidasjidjasidajsajsid
td_1_data=7.000000 186.000000 1 0 0 0 0.133331 0.800000 -1 255 50 0 400.000000 17.000000 0 1 1 0 1 1 -10.000000 0.000000 -20.000000 1.000000 255 255 50 
td_1_bar_data=100.000000 0 
