td_0_string=_
td_0_data=321.000000 169.000000 1 0 1 0 0.633333 17.200002 -1 255 -1 1 298.500000 260.000000 0 2 1 0 1 1 -10.000000 0.000000 -20.000000 1.000000 255 255 255 
td_0_bar_data=100.000000 0 
td_1_string=_
td_1_data=321.000000 169.000000 1 0 1 0 0.633333 2.050009 -1 255 1097458175 1 298.500000 260.000000 0 2 1 0 1 1 -10.000000 0.000000 -20.000000 1.000000 255 255 255 
td_1_bar_data=100.000000 0 
td_2_string=RV:PP Gacha Event!
td_2_data=198.000000 171.000000 1 0 0 0 0.270832 1.450000 -1 255 50 0 400.000000 17.000000 0 1 1 0 1 1 -10.000000 0.000000 -20.000000 1.000000 255 255 50 
td_2_bar_data=100.000000 0 
td_3_string=ld_dual:white
td_3_data=432.000000 170.000000 4 0 1 0 0.600000 2.000000 -16776961 255 50 1 17.000000 17.000000 1 1 1 0 1 1 -10.000000 0.000000 -20.000000 1.000000 255 255 50 CLOSETD
td_3_bar_data=100.000000 0 
td_4_string=X
td_4_data=436.000000 171.000000 1 0 0 0 0.408333 1.500000 -1 255 50 0 400.000000 17.000000 0 1 1 0 1 1 -10.000000 0.000000 -20.000000 1.000000 255 255 50 
td_4_bar_data=100.000000 0 
td_5_string=ld_dual:white
td_5_data=368.000000 275.000000 4 0 1 0 0.600000 2.000000 9145343 255 50 1 75.500000 40.000000 1 1 1 0 1 1 -10.000000 0.000000 -20.000000 1.000000 255 255 50 
td_5_bar_data=100.000000 0 
td_6_string=GACHA_NOW!
td_6_data=378.000000 283.000000 1 0 0 0 0.262499 2.349999 -1 255 50 0 400.000000 17.000000 0 1 1 0 1 1 -10.000000 0.000000 -20.000000 1.000000 255 255 50 GACHANOW
td_6_bar_data=100.000000 0 
td_7_string=Click_below_to~n~start_gacha!
td_7_data=369.000000 250.000000 1 0 0 0 0.183333 1.100000 255 255 50 0 400.000000 17.000000 0 1 1 0 1 1 -10.000000 0.000000 -20.000000 1.000000 255 255 50 
td_7_bar_data=100.000000 0 
td_8_string=_
td_8_data=262.000000 201.000000 1 0 1 0 0.600000 3.650003 -1 255 1296911871 1 298.500000 121.500000 0 2 1 0 1 1 -10.000000 0.000000 -20.000000 1.000000 255 255 255 
td_8_bar_data=100.000000 0 
td_9_string=Please_wait...
td_9_data=262.000000 209.000000 1 0 0 0 0.270832 1.450000 -1 255 50 0 400.000000 17.000000 0 2 1 0 1 1 -10.000000 0.000000 -20.000000 1.000000 255 255 50 GACHAPRIZE
td_9_bar_data=100.000000 0 
td_10_string=Gacha status: ~g~able to gacha!
td_10_data=199.000000 284.000000 1 0 0 0 0.204166 1.050000 255 255 50 0 400.000000 17.000000 0 1 1 0 1 1 -10.000000 0.000000 -20.000000 1.000000 255 255 50 GACHASTATUS
td_10_bar_data=100.000000 0 
td_11_string=Gacha_Cooldown:_~r~24_hours
td_11_data=199.000000 299.000000 1 0 0 0 0.204166 1.050000 255 255 50 0 400.000000 17.000000 0 1 1 0 1 1 -10.000000 0.000000 -20.000000 1.000000 255 255 50 GACHACD
td_11_bar_data=100.000000 0 
