td_0_string=~w~Grove_Street:_~g~0~n~~w~Triads:_~y~0~n~~w~DaNangBoys:_~b~0~n~~w~Rifa:_~y~0~n~~w~Ballas:_~p~0~n~~w~Russian:_~r~0
td_0_data=9.000000 256.000000 2 0 1 0 0.200000 1.100000 -1 255 50 0 400.000000 17.000000 0 1 1 0 1 1 -10.000000 0.000000 -20.000000 1.000000 255 255 50 
td_0_bar_data=100.000000 0 
