td_0_string=ld_dual:white
td_0_data=576.000000 367.000000 4 0 1 0 0.600000 2.000000 -1061109505 255 50 1 13.000000 75.000000 0 1 1 0 1 1 -10.000000 0.000000 -20.000000 1.000000 255 255 50 
td_0_bar_data=100.000000 0 
