td_0_string=I
td_0_data=467.000000 387.000000 1 0 0 0 17.812520 7.999977 205 255 50 0 400.000000 17.000000 0 1 1 0 1 1 -10.000000 0.000000 -20.000000 1.000000 205 255 50 HBE3_BOX
td_0_bar_data=100.000000 0 
td_1_string=PlayerProgressBar
td_1_data=552.000000 416.000000 6 1 1 0 0.600000 2.000000 852308735 255 50 1 71.000000 6.500000 0 1 1 0 1 1 -10.000000 0.000000 -20.000000 1.000000 255 255 50 PROGRESS_HUNGER
td_1_bar_data=100.000000 0 
td_2_string=PlayerProgressBar
td_2_data=534.000000 396.000000 6 1 1 0 0.600000 2.000000 -2016478465 255 50 1 100.000000 4.000000 0 1 1 0 1 1 -10.000000 0.000000 -20.000000 1.000000 255 255 50 PROGRESS_FUEL
td_2_bar_data=100.000000 0 
td_3_string=PlayerProgressBar
td_3_data=552.000000 431.000000 6 1 1 0 0.600000 2.000000 852308735 255 50 1 71.000000 6.500000 0 1 1 0 1 1 -10.000000 0.000000 -20.000000 1.000000 255 255 50 PROGRESS_THIRST
td_3_bar_data=100.000000 0 
td_4_string=FUEL
td_4_data=532.000000 382.000000 2 0 0 0 0.191666 0.800000 -1 255 50 0 400.000000 17.000000 0 1 1 0 1 1 -10.000000 0.000000 -20.000000 1.000000 255 255 50 
td_4_bar_data=100.000000 0 
td_5_string=I
td_5_data=467.000000 328.000000 1 0 0 0 17.812520 9.999984 205 255 50 0 400.000000 17.000000 0 1 1 0 1 1 -10.000000 0.000000 -20.000000 1.000000 205 255 50 
td_5_bar_data=100.000000 0 
td_6_string=Preview_Model
td_6_data=621.000000 408.000000 5 0 0 0 0.600000 2.000000 -1 0 255 0 13.500000 21.500000 0 1 1 2768 1 1 -10.000000 0.000000 -20.000000 1.000000 255 0 255 HBE3_FOODICO
td_6_bar_data=100.000000 0 
td_7_string=Preview_Model
td_7_data=533.000000 422.000000 5 0 0 0 0.600000 2.000000 -1 0 255 0 13.500000 21.500000 0 1 1 1484 1 1 -10.000000 0.000000 -23.000000 0.990000 255 0 255 HBE3_DRINKICO
td_7_bar_data=100.000000 0 
td_8_string=health
td_8_data=532.000000 370.000000 2 0 0 0 0.137500 0.900000 9109759 255 50 0 400.000000 17.000000 0 1 1 0 1 1 -10.000000 0.000000 -20.000000 1.000000 255 255 50 
td_8_bar_data=100.000000 0 
td_9_string=SPEED
td_9_data=532.000000 360.000000 2 0 0 0 0.137500 0.900000 9109759 255 50 0 400.000000 17.000000 0 1 1 0 1 1 -10.000000 0.000000 -20.000000 1.000000 255 255 50 
td_9_bar_data=100.000000 0 
td_10_string=I
td_10_data=467.000000 330.500000 1 0 0 0 17.812520 2.399963 205 255 50 0 400.000000 17.000000 0 1 1 0 1 1 -10.000000 0.000000 -20.000000 1.000000 205 255 50 
td_10_bar_data=100.000000 0 
td_11_string=FUEL
td_11_data=581.000000 338.000000 2 0 0 0 0.191666 0.800000 -1 255 50 0 400.000000 17.000000 0 2 1 0 1 1 -10.000000 0.000000 -20.000000 1.000000 255 255 50 
td_11_bar_data=100.000000 0 
