td_0_string=ld_dual:white
td_0_data=540.000000 406.000000 4 0 0 0 0.600000 2.000000 1296911792 255 50 0 93.500000 35.000000 0 1 1 0 1 1 -10.000000 0.000000 -20.000000 1.000000 176 255 50 
td_0_bar_data=100.000000 0 
td_1_string=Wellness
td_1_data=545.000000 396.000000 0 0 1 0 0.420832 1.549999 -1 255 50 0 400.000000 17.000000 0 1 1 0 1 1 -10.000000 0.000000 -20.000000 1.000000 255 255 50 
td_1_bar_data=100.000000 0 
td_2_string=ld_dual:white
td_2_data=547.000000 414.000000 4 0 1 0 0.600000 2.000000 -1061109505 255 50 1 81.500000 10.000000 0 1 1 0 1 1 -10.000000 0.000000 -20.000000 1.000000 255 255 50 
td_2_bar_data=100.000000 0 
td_3_string=ld_dual:white
td_3_data=548.000000 415.000000 4 0 1 0 0.600000 2.000000 852308735 255 50 1 79.500000 7.500000 0 1 1 0 1 1 -10.000000 0.000000 -20.000000 1.000000 255 255 50 HUNGERBAR
td_3_bar_data=100.000000 0 
td_4_string=HUNGER
td_4_data=577.000000 414.000000 2 0 0 0 0.137500 0.900000 -1 255 50 0 400.000000 17.000000 0 1 1 0 1 1 -10.000000 0.000000 -20.000000 1.000000 255 255 50 
td_4_bar_data=100.000000 0 
td_5_string=ld_dual:white
td_5_data=547.000000 426.000000 4 0 1 0 0.600000 2.000000 -1061109505 255 50 1 81.500000 10.000000 0 1 1 0 1 1 -10.000000 0.000000 -20.000000 1.000000 255 255 50 
td_5_bar_data=100.000000 0 
td_6_string=ld_dual:white
td_6_data=548.000000 427.500000 4 0 1 0 0.600000 2.000000 1687547391 255 50 1 79.500000 7.500000 0 1 1 0 1 1 -10.000000 0.000000 -20.000000 1.000000 255 255 50 THIRSTBAR
td_6_bar_data=100.000000 0 
td_7_string=THIRST
td_7_data=579.000000 426.000000 2 0 0 0 0.137500 0.900000 -1 255 50 0 400.000000 17.000000 0 1 1 0 1 1 -10.000000 0.000000 -20.000000 1.000000 255 255 50 
td_7_bar_data=100.000000 0 
