td_0_string=_
td_0_data=76.000000 227.000000 2 0 0 0 0.079166 9.649995 -1 255 186 1 5.500000 64.000000 0 2 1 0 1 1 -10.000000 0.000000 -20.000000 1.000000 255 255 186 
td_0_bar_data=100.000000 0 
td_1_string=.
td_1_data=47.000000 221.000000 1 0 0 0 0.908333 3.949999 -1 255 50 0 400.000000 17.000000 0 1 1 0 1 1 -10.000000 0.000000 -20.000000 1.000000 255 255 50 
td_1_bar_data=100.000000 0 
td_2_string=Hunger
td_2_data=61.000000 228.000000 1 0 1 0 0.329165 1.399999 -1 255 50 0 400.000000 17.000000 0 1 1 0 1 1 -10.000000 0.000000 -20.000000 1.000000 255 255 50 
td_2_bar_data=100.000000 0 
td_3_string=.
td_3_data=47.000000 250.000000 1 0 0 0 0.908333 3.949999 -1 255 50 0 400.000000 17.000000 0 1 1 0 1 1 -10.000000 0.000000 -20.000000 1.000000 255 255 50 
td_3_bar_data=100.000000 0 
td_4_string=Blader
td_4_data=61.000000 255.000000 1 0 1 0 0.329165 1.399999 -1 255 50 0 400.000000 17.000000 0 1 1 0 1 1 -10.000000 0.000000 -20.000000 1.000000 255 255 50 
td_4_bar_data=100.000000 0 
td_5_string=.
td_5_data=47.000000 276.000000 1 0 0 0 0.908333 3.949999 -1 255 50 0 400.000000 17.000000 0 1 1 0 1 1 -10.000000 0.000000 -20.000000 1.000000 255 255 50 
td_5_bar_data=100.000000 0 
td_6_string=Energy
td_6_data=61.000000 282.000000 1 0 1 0 0.329165 1.399999 -1 255 50 0 400.000000 17.000000 0 1 1 0 1 1 -10.000000 0.000000 -20.000000 1.000000 255 255 50 
td_6_bar_data=100.000000 0 
td_7_string=ld_dual:white
td_7_data=61.000000 244.000000 4 0 1 0 0.600000 2.000000 9109759 255 50 1 38.500000 9.000000 0 1 1 0 1 1 -10.000000 0.000000 -20.000000 1.000000 255 255 50 HUNGER_BAR
td_7_bar_data=100.000000 0 
td_8_string=ld_dual:white
td_8_data=61.000000 271.000000 4 0 1 0 0.600000 2.000000 9109759 255 50 1 38.500000 9.000000 0 1 1 0 1 1 -10.000000 0.000000 -20.000000 1.000000 255 255 50 BLADDER_BAR
td_8_bar_data=100.000000 0 
td_9_string=ld_dual:white
td_9_data=61.000000 298.000000 4 0 1 0 0.600000 2.000000 9109759 255 50 1 38.500000 9.000000 0 1 1 0 1 1 -10.000000 0.000000 -20.000000 1.000000 255 255 50 ENERGY_BAR
td_9_bar_data=100.000000 0 
