td_0_string=ld_dual:white
td_0_data=480.000000 211.000000 4 0 1 0 0.600000 2.000000 255 255 50 1 78.500000 176.000000 0 1 1 0 1 1 -10.000000 0.000000 -20.000000 1.000000 255 255 50 
td_0_bar_data=100.000000 0 
td_1_string=ld_beat:chit
td_1_data=541.000000 200.000000 4 0 1 0 0.600000 2.000000 255 255 50 1 21.500000 23.500000 0 1 1 0 1 1 -10.000000 0.000000 -20.000000 1.000000 255 255 50 
td_1_bar_data=100.000000 0 
td_2_string=ld_dual:white
td_2_data=487.000000 204.000000 4 0 1 0 0.600000 2.000000 255 255 50 1 64.500000 8.000000 0 1 1 0 1 1 -10.000000 0.000000 -20.000000 1.000000 255 255 50 
td_2_bar_data=100.000000 0 
td_3_string=ld_beat:chit
td_3_data=476.399993 200.000000 4 0 1 0 0.600000 2.000000 255 255 50 1 21.500000 23.500000 0 1 1 0 1 1 -10.000000 0.000000 -20.000000 1.000000 255 255 50 
td_3_bar_data=100.000000 0 
td_4_string=ld_beat:chit
td_4_data=476.399993 374.000000 4 0 1 0 0.600000 2.000000 255 255 50 1 21.500000 23.500000 0 1 1 0 1 1 -10.000000 0.000000 -20.000000 1.000000 255 255 50 
td_4_bar_data=100.000000 0 
td_5_string=ld_dual:white
td_5_data=487.000000 385.500000 4 0 1 0 0.600000 2.000000 255 255 50 1 64.500000 8.000000 0 1 1 0 1 1 -10.000000 0.000000 -20.000000 1.000000 255 255 50 
td_5_bar_data=100.000000 0 
td_6_string=ld_dual:white
td_6_data=484.000000 217.000000 4 0 1 0 0.600000 2.000000 1296911871 255 50 1 70.500000 163.000000 0 1 1 0 1 1 -10.000000 0.000000 -20.000000 1.000000 255 255 50 
td_6_bar_data=100.000000 0 
td_7_string=ld_dual:white
td_7_data=484.000000 217.000000 4 0 1 0 0.600000 2.000000 195 255 50 1 70.500000 8.000000 0 1 1 0 1 1 -10.000000 0.000000 -20.000000 1.000000 195 255 50 
td_7_bar_data=100.000000 0 
td_8_string=ld_beat:chit
td_8_data=515.000000 382.000000 4 0 1 0 0.600000 2.000000 -1 255 50 1 8.500000 9.500000 0 1 1 0 1 1 -10.000000 0.000000 -20.000000 1.000000 255 255 50 
td_8_bar_data=100.000000 0 
td_9_string=ld_beat:chit
td_9_data=515.000000 382.000000 4 0 1 0 0.600000 2.000000 255 255 50 1 8.500000 9.500000 1 1 1 0 1 1 -10.000000 0.000000 -20.000000 1.000000 255 255 50 HOMEBUTTON
td_9_bar_data=100.000000 0 
td_10_string=13:50
td_10_data=510.000000 216.000000 2 0 0 0 0.150000 0.949998 -1 255 50 0 400.000000 17.000000 0 1 1 0 1 1 -10.000000 0.000000 -20.000000 1.000000 255 255 50 PHONECLOCK
td_10_bar_data=100.000000 0 
td_11_string=ld_dual:white
td_11_data=484.000000 225.000000 4 0 1 0 0.600000 2.000000 -61 255 50 1 70.500000 155.000000 0 1 1 0 1 1 -10.000000 0.000000 -20.000000 1.000000 195 255 50 TWITTER_BG
td_11_bar_data=100.000000 0 
td_12_string=ld_dual:white
td_12_data=495.000000 233.000000 4 0 1 0 0.600000 2.000000 1687547351 255 50 1 49.500000 11.000000 1 1 1 0 1 1 -10.000000 0.000000 -20.000000 1.000000 215 255 50 TWITTERMAIN_SIGNUP
td_12_bar_data=100.000000 0 
td_13_string=Sign_Up
td_13_data=510.500000 233.500000 1 0 0 0 0.141665 0.899998 -1 255 50 0 400.000000 17.000000 0 1 1 0 1 1 -10.000000 0.000000 -20.000000 1.000000 255 255 50 
td_13_bar_data=100.000000 0 
td_14_string=ld_dual:white
td_14_data=495.000000 253.000000 4 0 1 0 0.600000 2.000000 1687547351 255 50 1 49.500000 11.000000 1 1 1 0 1 1 -10.000000 0.000000 -20.000000 1.000000 215 255 50 TWITTERMAIN_SIGNIN
td_14_bar_data=100.000000 0 
td_15_string=Sign_In
td_15_data=510.500000 253.500000 1 0 0 0 0.141665 0.899998 -1 255 50 0 400.000000 17.000000 0 1 1 0 1 1 -10.000000 0.000000 -20.000000 1.000000 255 255 50 
td_15_bar_data=100.000000 0 
