td_0_string=~r~Jail_Time:~w~_00:20~n~~b~Jail_Reason:~w~_Unknown~n~~r~Jailed_by:~w~_vyn
td_0_data=150.000000 393.000000 1 0 1 0 0.204166 1.050000 -1 255 50 0 400.000000 17.000000 0 1 1 0 1 1 -10.000000 0.000000 -20.000000 1.000000 255 255 50 
td_0_bar_data=100.000000 0 
