td_0_string=ld_dual:white
td_0_data=281.000000 343.000000 4 0 1 0 0.600000 2.000000 -2016478465 255 50 1 74.000000 20.000000 0 1 1 0 1 1 -10.000000 0.000000 -20.000000 1.000000 255 255 50 
td_0_bar_data=100.000000 0 
td_1_string=ld_dual:white
td_1_data=281.000000 343.000000 4 0 1 0 0.600000 2.000000 -1 255 50 1 75.500000 2.000000 0 1 1 0 1 1 -10.000000 0.000000 -20.000000 1.000000 255 255 50 
td_1_bar_data=100.000000 0 
td_2_string=ld_dual:white
td_2_data=281.000000 362.000000 4 0 1 0 0.600000 2.000000 -1 255 50 1 75.500000 2.000000 0 1 1 0 1 1 -10.000000 0.000000 -20.000000 1.000000 255 255 50 
td_2_bar_data=100.000000 0 
td_3_string=ld_dual:white
td_3_data=281.000000 345.000000 4 0 1 0 0.600000 2.000000 -1 255 50 1 1.500000 18.000000 0 1 1 0 1 1 -10.000000 0.000000 -20.000000 1.000000 255 255 50 
td_3_bar_data=100.000000 0 
td_4_string=ld_dual:white
td_4_data=355.000000 345.000000 4 0 1 0 0.600000 2.000000 -1 255 50 1 1.500000 18.000000 0 1 1 0 1 1 -10.000000 0.000000 -20.000000 1.000000 255 255 50 
td_4_bar_data=100.000000 0 
td_5_string=LBAR_TEXT
td_5_data=318.000000 348.000000 2 0 0 0 0.170833 0.949999 -1 255 50 0 400.000000 17.000000 0 2 1 0 1 1 -10.000000 0.000000 -20.000000 1.000000 255 255 50 
td_5_bar_data=100.000000 0 
