td_0_string=_
td_0_data=310.000000 1.000000 1 1 1 0 0.600000 50.900001 -1 255 255 1 298.500000 656.500000 0 2 1 0 1 1 -10.000000 0.000000 -20.000000 1.000000 255 255 255 
td_0_bar_data=100.000000 0 
td_1_string=Pre-Loading_character_data...
td_1_data=629.000000 401.000000 1 1 0 0 0.216666 1.150000 -1 255 50 1 400.000000 17.000000 0 3 1 0 1 1 -10.000000 0.000000 -20.000000 1.000000 255 255 50 
td_1_bar_data=100.000000 0 
