td_0_string=ld_dual:white
td_0_data=264.000000 346.000000 4 0 1 0 0.600000 2.000000 1296911728 255 50 1 93.500000 23.000000 0 1 1 0 1 1 -10.000000 0.000000 -20.000000 1.000000 112 255 50 
td_0_bar_data=100.000000 0 
td_1_string=ld_dual:white
td_1_data=267.000000 348.000000 4 0 1 0 0.600000 2.000000 16777136 255 50 1 88.000000 18.500000 0 1 1 0 1 1 -10.000000 0.000000 -20.000000 1.000000 176 255 50 
td_1_bar_data=100.000000 0 
td_2_string=sample_text
td_2_data=310.000000 349.000000 1 0 0 0 0.204166 1.500001 -1 255 50 0 400.000000 17.000000 0 2 1 0 1 1 -10.000000 0.000000 -20.000000 1.000000 255 255 50 TEXT
td_2_bar_data=100.000000 0 
