td_0_string=ld_dual:white
td_0_data=277.000000 399.000000 4 0 1 0 0.600000 2.000000 1296911791 255 50 1 83.000000 18.000000 0 1 1 0 1 1 -10.000000 0.000000 -20.000000 1.000000 175 255 50 
td_0_bar_data=100.000000 0 
td_1_string=ld_dual:white
td_1_data=279.000000 401.000000 4 0 1 0 0.600000 2.000000 1687547311 255 50 1 79.000000 13.500000 0 1 1 0 1 1 -10.000000 0.000000 -20.000000 1.000000 175 255 50 
td_1_bar_data=100.000000 0 
td_2_string=LOADING...
td_2_data=318.000000 403.000000 1 0 0 0 0.175000 0.950000 -1 255 50 0 400.000000 17.000000 0 2 1 0 1 1 -10.000000 0.000000 -20.000000 1.000000 255 255 50 
td_2_bar_data=100.000000 0 
