td_0_string=LOBBY:_2
td_0_data=2.000000 434.000000 2 0 0 0 0.183332 1.250000 -1 255 50 0 400.000000 17.000000 0 1 1 0 1 1 -10.000000 0.000000 -20.000000 1.000000 255 255 50 
td_0_bar_data=100.000000 0 
