td_0_string=ld_dual:white
td_0_data=284.000000 11.000000 4 1 1 0 0.600000 2.000000 -16776961 255 50 1 3.500000 16.500000 0 1 1 0 1 1 -10.000000 0.000000 -20.000000 1.000000 255 255 50 
td_0_bar_data=100.000000 0 
td_1_string=ld_dual:white
td_1_data=288.000000 17.000000 4 1 1 0 0.600000 2.000000 -16776961 255 50 1 3.500000 10.500000 0 1 1 0 1 1 -10.000000 0.000000 -20.000000 1.000000 255 255 50 
td_1_bar_data=100.000000 0 
td_2_string=ld_dual:white
td_2_data=292.000000 14.000000 4 1 1 0 0.600000 2.000000 -16776961 255 50 1 3.500000 13.500000 0 1 1 0 1 1 -10.000000 0.000000 -20.000000 1.000000 255 255 50 
td_2_bar_data=100.000000 0 
td_3_string=MERPATI
td_3_data=298.000000 19.000000 1 1 1 0 0.258333 1.099999 -1 255 50 0 400.000000 17.000000 0 1 1 0 1 1 -10.000000 0.000000 -20.000000 1.000000 255 255 50 
td_3_bar_data=100.000000 0 
td_4_string=~y~ROLE ~w~PLAY
td_4_data=285.000000 28.000000 1 1 1 0 0.200000 0.899999 -1 255 50 0 400.000000 17.000000 0 1 1 0 1 1 -10.000000 0.000000 -20.000000 1.000000 255 255 50 
td_4_bar_data=100.000000 0 
