td_0_string=Select Character
td_0_data=259.000000 369.000000 2 0 1 0 0.291666 1.350000 -1061109505 255 50 0 400.000000 17.000000 1 1 1 0 1 1 -10.000000 0.000000 -20.000000 1.000000 255 255 50 
td_0_bar_data=100.000000 0 
td_1_string=Create Character
td_1_data=259.000000 385.000000 2 0 1 0 0.291666 1.350000 -1061109505 255 50 0 400.000000 17.000000 1 1 1 0 1 1 -10.000000 0.000000 -20.000000 1.000000 255 255 50 
td_1_bar_data=100.000000 0 
td_2_string=Switch
td_2_data=296.000000 349.000000 2 0 1 0 0.291666 1.350000 -1378294017 255 50 0 400.000000 17.000000 0 1 1 0 1 1 -10.000000 0.000000 -20.000000 1.000000 255 255 50 
td_2_bar_data=100.000000 0 
td_3_string=ld_beat:right
td_3_data=346.000000 348.000000 4 0 1 0 0.600000 2.000000 -1 255 50 1 17.000000 17.000000 1 1 1 0 1 1 -10.000000 0.000000 -20.000000 1.000000 255 255 50 
td_3_bar_data=100.000000 0 
td_4_string=ld_beat:left
td_4_data=274.000000 348.000000 4 0 1 0 0.600000 2.000000 -1 255 50 1 17.000000 17.000000 1 1 1 0 1 1 -10.000000 0.000000 -20.000000 1.000000 255 255 50 
td_4_bar_data=100.000000 0 
td_5_string=Abraham_Wilkinson_~y~(10)
td_5_data=318.000000 303.000000 1 0 1 0 0.266666 1.250001 -1061109505 255 50 0 400.000000 17.000000 0 2 1 0 1 1 -10.000000 0.000000 -20.000000 1.000000 255 255 50 
td_5_bar_data=100.000000 0 
