td_0_string=_
td_0_data=317.000000 184.000000 1 0 1 0 0.645833 15.049997 -1 255 135 1 298.500000 235.000000 0 2 1 0 1 1 -10.000000 0.000000 -20.000000 1.000000 255 255 135 
td_0_bar_data=100.000000 0 
td_1_string=_
td_1_data=317.000000 309.000000 1 0 1 0 0.645833 1.249999 -1 255 9145343 1 298.500000 235.000000 0 2 1 0 1 1 -10.000000 0.000000 -20.000000 1.000000 255 255 255 
td_1_bar_data=100.000000 0 
td_2_string=_
td_2_data=317.000000 183.000000 1 0 1 0 0.645833 1.249999 -1 255 9145343 1 298.500000 235.000000 0 2 1 0 1 1 -10.000000 0.000000 -20.000000 1.000000 255 255 255 
td_2_bar_data=100.000000 0 
td_3_string=CONFIRM
td_3_data=222.000000 307.000000 1 0 0 0 0.200000 1.400001 -1 255 50 0 400.000000 17.000000 1 2 1 0 1 1 -10.000000 0.000000 -20.000000 1.000000 255 255 50 SEL_CONFIRM
td_3_bar_data=100.000000 0 
td_4_string=NEXT
td_4_data=416.000000 307.000000 1 0 0 0 0.200000 1.400001 -1 255 50 0 400.000000 17.000000 1 2 1 0 1 1 -10.000000 0.000000 -20.000000 1.000000 255 255 50 SEL_NEXT
td_4_bar_data=100.000000 0 
td_5_string=PREV
td_5_data=370.000000 307.000000 1 0 0 0 0.200000 1.400001 -1 255 50 0 400.000000 17.000000 1 2 1 0 1 1 -10.000000 0.000000 -20.000000 1.000000 255 255 50 SEL_PREV
td_5_bar_data=100.000000 0 
td_6_string=Preview_Model
td_6_data=260.000000 169.000000 5 0 0 0 0.600000 2.000000 -1 0 255 0 118.500000 152.500000 0 1 1 562 1 1 -10.000000 0.000000 -20.000000 1.000000 255 0 255 SEL_MODEL
td_6_bar_data=100.000000 0 
td_7_string=ELEGY
td_7_data=206.000000 203.000000 1 0 0 0 0.200000 1.400001 -1 255 50 0 400.000000 17.000000 0 1 1 0 1 1 -10.000000 0.000000 -20.000000 1.000000 255 255 50 SEL_DESCRIPTION
td_7_bar_data=100.000000 0 
td_8_string=VEHICLE_SELECTION
td_8_data=315.000000 181.000000 2 0 0 0 0.200000 1.400001 255 255 50 0 400.000000 17.000000 0 2 1 0 1 1 -10.000000 0.000000 -20.000000 1.000000 255 255 50 SEL_TITLE
td_8_bar_data=100.000000 0 
