td_0_string=~r~ERROR: ~w~Kamu tidak memiliki kunci kendaraan ini
td_0_data=231.000000 378.000000 1 0 1 0 0.183333 1.400000 -1 255 50 0 400.000000 17.000000 0 1 1 0 1 1 -10.000000 0.000000 -20.000000 1.000000 255 255 50 MSGTD
td_0_bar_data=100.000000 0 
