td_0_string=_
td_0_data=319.000000 9.000000 1 0 1 0 1.016666 10.300003 -1094795521 255 -1094795521 1 343.500000 150.000000 0 2 1 0 1 1 -10.000000 0.000000 -20.000000 1.000000 255 255 255 
td_0_bar_data=100.000000 0 
td_1_string=_
td_1_data=319.000000 9.000000 1 0 1 0 1.016666 1.300000 -1094795521 255 -764862721 1 343.500000 150.000000 0 2 1 0 1 1 -10.000000 0.000000 -20.000000 1.000000 255 255 255 
td_1_bar_data=100.000000 0 
td_2_string=MVP of The Match
td_2_data=264.000000 8.000000 2 0 1 0 0.262500 1.200000 -1 255 50 0 400.000000 17.000000 0 1 1 0 1 1 -10.000000 0.000000 -20.000000 1.000000 255 255 50 
td_2_bar_data=100.000000 0 
td_3_string=Preview_Model
td_3_data=228.000000 25.000000 5 0 0 0 0.600000 2.000000 -1 0 255 0 67.500000 75.500000 0 1 1 0 1 1 -7.000000 0.000000 -3.000000 1.000000 255 0 255 
td_3_bar_data=100.000000 0 
td_4_string=DenvirTauno
td_4_data=321.000000 24.000000 1 0 1 0 0.262500 1.200000 -65281 255 50 0 400.000000 17.000000 0 2 1 0 1 1 -10.000000 0.000000 -20.000000 1.000000 255 255 50 
td_4_bar_data=100.000000 0 
td_5_string=Kills: 20
td_5_data=278.000000 40.000000 2 0 0 1 0.229166 1.150000 -1 255 50 0 400.000000 17.000000 0 1 1 0 1 1 -10.000000 0.000000 -20.000000 1.000000 255 255 50 
td_5_bar_data=100.000000 0 
td_6_string=ASSIST: 20
td_6_data=278.000000 52.000000 2 0 0 1 0.229166 1.150000 -1 255 50 0 400.000000 17.000000 0 1 1 0 1 1 -10.000000 0.000000 -20.000000 1.000000 255 255 50 
td_6_bar_data=100.000000 0 
td_7_string=STATE: Police
td_7_data=278.000000 65.000000 2 0 0 1 0.229166 1.150000 -1 255 50 0 400.000000 17.000000 0 1 1 0 1 1 -10.000000 0.000000 -20.000000 1.000000 255 255 50 
td_7_bar_data=100.000000 0 
td_8_string=WinRate: 20.3%
td_8_data=278.000000 79.000000 2 0 0 1 0.229166 1.150000 -1 255 50 0 400.000000 17.000000 0 1 1 0 1 1 -10.000000 0.000000 -20.000000 1.000000 255 255 50 
td_8_bar_data=100.000000 0 
