td_0_string=ld_dual:white
td_0_data=167.000000 395.000000 4 0 1 0 0.600000 2.000000 -1061109505 255 50 1 2.000000 28.500000 0 1 1 0 1 1 -10.000000 0.000000 -20.000000 1.000000 255 255 50 
td_0_bar_data=100.000000 0 
td_1_string=NW
td_1_data=153.000000 401.000000 1 0 1 0 0.320833 2.099999 -1 255 50 0 400.000000 17.000000 0 2 1 0 1 1 -10.000000 0.000000 -20.000000 1.000000 255 255 50 ARAHANGIN
td_1_bar_data=100.000000 0 
td_2_string=Randolph Industrial Estate
td_2_data=174.000000 410.000000 1 0 1 0 0.204166 1.200000 -764862721 255 50 0 400.000000 17.000000 0 1 1 0 1 1 -10.000000 0.000000 -20.000000 1.000000 255 255 50 NAMAJALAN
td_2_bar_data=100.000000 0 
td_3_string=San Andreas
td_3_data=174.000000 398.000000 1 0 1 0 0.170833 1.000000 -1094795521 255 50 0 400.000000 17.000000 0 1 1 0 1 1 -10.000000 0.000000 -20.000000 1.000000 255 255 50 
td_3_bar_data=100.000000 0 
