td_0_string=_
td_0_data=606.000000 408.000000 0 1 1 0 0.600000 2.500000 -1 255 209 1 298.500000 20.000000 0 2 1 0 1 1 -10.000000 0.000000 -20.000000 1.000000 255 255 209 
td_0_bar_data=100.000000 0 
td_1_string=ld_dual:white
td_1_data=594.500000 433.500000 4 1 1 0 0.600000 2.000000 -1061109505 255 255 1 23.399999 3.500000 0 1 1 0 1 1 -10.000000 0.000000 -20.000000 1.000000 255 255 255 
td_1_bar_data=100.000000 0 
td_2_string=ld_dual:white
td_2_data=594.500000 433.500000 4 0 1 0 0.600000 2.000000 852308735 255 255 1 23.399999 3.500000 0 1 1 0 1 1 -10.000000 0.000000 -20.000000 1.000000 255 255 255 HUNGERBAR_2
td_2_bar_data=100.000000 0 
td_3_string=I
td_3_data=608.500000 404.000000 2 1 0 0 0.216665 3.199997 -1 255 50 0 400.000000 17.000000 0 1 1 0 1 1 -10.000000 0.000000 -20.000000 1.000000 255 255 50 
td_3_bar_data=100.000000 0 
td_4_string=.
td_4_data=607.000000 386.000000 1 1 0 0 0.520833 4.199999 -1 255 50 0 400.000000 17.000000 0 1 1 0 1 1 -10.000000 0.000000 -20.000000 1.000000 255 255 50 
td_4_bar_data=100.000000 0 
td_5_string=I
td_5_data=601.500000 404.000000 2 1 0 0 0.216665 3.199997 -1 255 50 0 400.000000 17.000000 0 1 1 0 1 1 -10.000000 0.000000 -20.000000 1.000000 255 255 50 
td_5_bar_data=100.000000 0 
td_6_string=U
td_6_data=572.500000 411.000000 1 1 0 0 0.508333 1.200000 -1 255 50 0 400.000000 17.000000 0 1 1 0 1 1 -10.000000 0.000000 -20.000000 1.000000 255 255 50 
td_6_bar_data=100.000000 0 
td_7_string=.
td_7_data=600.000000 413.000000 1 1 0 0 0.520833 0.699999 -1 255 50 0 400.000000 17.000000 0 1 1 0 1 1 -10.000000 0.000000 -20.000000 1.000000 255 255 50 
td_7_bar_data=100.000000 0 
td_8_string=I
td_8_data=603.500000 410.000000 1 1 0 0 0.187500 1.099998 -1 255 50 0 396.500000 14.000000 0 1 1 0 1 1 -10.000000 0.000000 -20.000000 1.000000 255 255 50 
td_8_bar_data=100.000000 0 
td_9_string=I
td_9_data=599.500000 409.600006 1 1 0 0 0.170833 1.099998 -1 255 50 0 396.500000 14.000000 0 1 1 0 1 1 -10.000000 0.000000 -20.000000 1.000000 255 255 50 
td_9_bar_data=100.000000 0 
td_10_string=_
td_10_data=578.000000 408.000000 0 1 1 0 0.600000 2.500000 -1 255 209 1 298.500000 20.000000 0 2 1 0 1 1 -10.000000 0.000000 -20.000000 1.000000 255 255 209 
td_10_bar_data=100.000000 0 
td_11_string=I
td_11_data=576.000000 415.000000 2 1 0 0 0.329165 1.499998 -1 255 50 0 400.000000 17.000000 0 1 1 0 1 1 -10.000000 0.000000 -20.000000 1.000000 255 255 50 
td_11_bar_data=100.000000 0 
td_12_string=-
td_12_data=574.500000 423.000000 1 1 0 0 0.508333 0.550000 -1 255 50 0 400.000000 17.000000 0 1 1 0 1 1 -10.000000 0.000000 -20.000000 1.000000 255 255 50 
td_12_bar_data=100.000000 0 
td_13_string=ld_dual:white
td_13_data=566.000000 433.500000 4 1 1 0 0.600000 2.000000 -1061109505 255 255 1 23.899999 3.500000 0 1 1 0 1 1 -10.000000 0.000000 -20.000000 1.000000 255 255 255 
td_13_bar_data=100.000000 0 
td_14_string=ld_dual:white
td_14_data=566.000000 433.500000 4 0 1 0 0.600000 2.000000 1687547391 255 255 1 23.899999 3.500000 0 1 1 0 1 1 -10.000000 0.000000 -20.000000 1.000000 255 255 255 THIRSTBAR_2
td_14_bar_data=100.000000 0 
td_15_string=Sultan I Julius Thurway South~n~Engine ON I Fuel: 100 I Health 100 I 245KM/h
td_15_data=559.000000 418.000000 1 0 0 0 0.162500 1.000001 -149 255 50 0 400.000000 17.000000 0 3 1 0 1 1 -10.000000 0.000000 -20.000000 1.000000 107 255 50 SPEEDO_2
td_15_bar_data=100.000000 0 
