td_0_string=_
td_0_data=48.000000 239.000000 1 0 1 0 0.645833 4.099994 -1 255 135 1 298.500000 94.500000 0 2 1 0 1 1 -10.000000 0.000000 -20.000000 1.000000 255 255 135 
td_0_bar_data=100.000000 0 
td_1_string=Header
td_1_data=49.000000 239.000000 1 0 0 0 0.195833 1.050001 -1 255 50 0 400.000000 17.000000 0 2 1 0 1 1 -10.000000 0.000000 -20.000000 1.000000 255 255 50 
td_1_bar_data=100.000000 0 
td_2_string=_
td_2_data=48.000000 242.000000 1 0 1 0 0.645833 0.599995 -1 255 1296911751 1 298.500000 94.500000 0 2 1 0 1 1 -10.000000 0.000000 -20.000000 1.000000 255 255 135 
td_2_bar_data=100.000000 0 
td_3_string=Ready to harvest~n~Press ~y~H ~w~to harvest.
td_3_data=4.000000 253.000000 1 0 0 0 0.195833 1.050001 -1 255 50 0 400.000000 17.000000 0 1 1 0 1 1 -10.000000 0.000000 -20.000000 1.000000 255 255 50 
td_3_bar_data=100.000000 0 
