td_0_string=ld_dual:white
td_0_data=442.000000 8.000000 4 0 1 0 0.600000 2.000000 1296911871 255 50 1 48.500000 15.500000 0 1 1 0 1 1 -10.000000 0.000000 -20.000000 1.000000 255 255 50 
td_0_bar_data=100.000000 0 
td_1_string=ld_dual:white
td_1_data=443.000000 9.000000 4 0 1 0 0.600000 2.000000 -1094795521 255 50 1 47.000000 13.500000 0 1 1 0 1 1 -10.000000 0.000000 -20.000000 1.000000 255 255 50 
td_1_bar_data=100.000000 0 
td_2_string=ld_dual:white
td_2_data=443.000000 9.000000 4 0 1 0 0.600000 2.000000 9109759 255 50 1 47.000000 13.500000 0 1 1 0 1 1 -10.000000 0.000000 -20.000000 1.000000 255 255 50 
td_2_bar_data=100.000000 0 
