td_0_string=LD_BUM:blkdot
td_0_data=247.000000 211.000000 4 1 1 0 0.600000 2.000000 -1 255 50 1 103.000000 48.000000 0 1 1 0 1 1 -10.000000 0.000000 -20.000000 1.000000 255 255 50 
td_0_bar_data=100.000000 0 
td_1_string=LD_SPAC:white
td_1_data=247.000000 275.000000 4 1 1 0 0.600000 2.000000 -145 255 50 1 103.000000 48.000000 1 1 1 0 1 1 -10.000000 0.000000 -20.000000 1.000000 111 255 50 
td_1_bar_data=100.000000 0 
