td_0_string=_
td_0_data=603.000000 425.000000 1 0 1 0 0.600000 1.750003 -1 255 135 1 296.000000 57.500000 0 2 1 0 1 1 -10.000000 0.000000 -20.000000 1.000000 255 255 135 
td_0_bar_data=100.000000 0 
td_1_string=ld_dual:white
td_1_data=576.000000 426.000000 4 1 1 0 0.600000 2.000000 1296911771 255 50 1 55.500000 13.000000 0 1 1 0 1 1 -10.000000 0.000000 -20.000000 1.000000 155 255 50 
td_1_bar_data=100.000000 0 
td_2_string=_
td_2_data=560.000000 425.000000 1 0 1 0 0.600000 1.750003 -1 255 -741092473 1 296.000000 22.000000 0 2 1 0 1 1 -10.000000 0.000000 -20.000000 1.000000 255 255 135 
td_2_bar_data=100.000000 0 
