td_0_string=_
td_0_data=74.000000 227.000000 1 0 1 0 0.587500 1.150002 -1 255 99 1 298.500000 107.000000 0 2 1 0 1 1 -10.000000 0.000000 -20.000000 1.000000 255 255 99 
td_0_bar_data=100.000000 0 
td_1_string=asdsadsadasdhsadghsadasdsasdasdaaasdsd
td_1_data=24.000000 228.500000 1 0 0 0 0.145833 0.700000 -1 255 50 0 400.000000 17.000000 0 1 1 0 1 1 -10.000000 0.000000 -20.000000 1.000000 255 255 50 
td_1_bar_data=100.000000 0 
