td_0_string=Orang_Tua_Community
td_0_data=275.000000 5.000000 1 0 1 0 0.212500 1.050000 -1 255 50 0 400.000000 17.000000 0 1 1 0 1 1 -10.000000 0.000000 -20.000000 1.000000 255 255 50 
td_0_bar_data=100.000000 0 
