td_0_string=ld_dual:white
td_0_data=429.000000 205.000000 4 0 1 0 0.600000 2.000000 -1 255 50 1 17.000000 17.000000 0 1 1 0 1 1 -10.000000 0.000000 -20.000000 1.000000 255 255 50 
td_0_bar_data=100.000000 0 
