td_0_string=100
td_0_data=533.000000 401.000000 2 0 0 0 0.450000 2.449999 -1 255 50 0 400.000000 17.000000 0 1 1 0 1 1 -10.000000 0.000000 -20.000000 1.000000 255 255 50 
td_0_bar_data=100.000000 0 
td_1_string=Solair
td_1_data=533.000000 390.000000 2 0 0 0 0.229166 1.250000 1433087999 255 50 0 400.000000 17.000000 0 1 1 0 1 1 -10.000000 0.000000 -20.000000 1.000000 255 255 50 
td_1_bar_data=100.000000 0 
td_2_string=KM/H
td_2_data=574.000000 411.000000 2 0 0 0 0.237500 1.150000 -1 255 50 0 400.000000 17.000000 0 1 1 0 1 1 -10.000000 0.000000 -20.000000 1.000000 255 255 50 
td_2_bar_data=100.000000 0 
td_3_string=1000.0
td_3_data=572.000000 399.000000 2 0 0 0 0.237500 1.150000 1433087999 255 50 0 400.000000 17.000000 0 1 1 0 1 1 -10.000000 0.000000 -20.000000 1.000000 255 255 50 
td_3_bar_data=100.000000 0 
td_4_string=~r~LOCKED
td_4_data=535.000000 424.000000 2 0 1 0 0.237500 1.150000 -1 255 50 0 400.000000 17.000000 0 1 1 0 1 1 -10.000000 0.000000 -20.000000 1.000000 255 255 50 
td_4_bar_data=100.000000 0 
