td_0_string=_
td_0_data=76.000000 184.000000 1 1 1 0 0.600000 10.300003 -1 255 135 1 298.500000 75.000000 0 2 1 0 1 1 -10.000000 0.000000 -20.000000 1.000000 255 255 135 
td_0_bar_data=100.000000 0 
