td_0_string=R
td_0_data=272.000000 3.000000 0 1 1 0 0.770833 2.399999 -1 255 50 0 400.000000 17.000000 0 1 1 0 1 1 -10.000000 0.000000 -20.000000 1.000000 255 255 50 
td_0_bar_data=100.000000 0 
td_1_string=evitalize
td_1_data=294.000000 5.000000 1 1 0 0 0.224999 1.300001 -16776961 255 50 0 400.000000 17.000000 0 1 1 0 1 1 -10.000000 0.000000 -20.000000 1.000000 255 255 50 
td_1_bar_data=100.000000 0 
td_2_string=Police Pursuit
td_2_data=294.000000 16.000000 1 1 0 0 0.191666 0.950001 65535 255 50 0 400.000000 17.000000 0 1 1 0 1 1 -10.000000 0.000000 -20.000000 1.000000 255 255 50 
td_2_bar_data=100.000000 0 
