td_0_string=ld_dual:white
td_0_data=258.000000 148.000000 4 0 1 0 0.600000 2.000000 136 255 50 1 115.500000 201.500000 0 1 1 0 1 1 -10.000000 0.000000 -20.000000 1.000000 136 255 50 
td_0_bar_data=100.000000 0 
td_1_string=ld_dual:white
td_1_data=258.000000 148.000000 4 0 1 0 0.600000 2.000000 1687547391 255 50 1 115.500000 13.000000 0 1 1 0 1 1 -10.000000 0.000000 -20.000000 1.000000 255 255 50 
td_1_bar_data=100.000000 0 
td_2_string=Last Day on San Andreas
td_2_data=276.000000 173.000000 2 0 0 0 0.145833 1.200000 -1 255 50 0 400.000000 17.000000 0 1 1 0 1 1 -10.000000 0.000000 -20.000000 1.000000 255 255 50 
td_2_bar_data=100.000000 0 
td_3_string=LOGIN PANEL
td_3_data=292.000000 187.000000 2 0 0 0 0.170833 1.450000 -1 255 50 0 400.000000 17.000000 0 1 1 0 1 1 -10.000000 0.000000 -20.000000 1.000000 255 255 50 
td_3_bar_data=100.000000 0 
td_4_string=ld_dual:white
td_4_data=269.000000 246.000000 4 0 1 0 0.600000 2.000000 1687547391 255 50 1 96.500000 13.500000 0 1 1 0 1 1 -10.000000 0.000000 -20.000000 1.000000 255 255 50 
td_4_bar_data=100.000000 0 
td_5_string=ld_dual:white
td_5_data=270.000000 247.000000 4 0 1 0 0.600000 2.000000 9145343 255 50 1 94.599998 11.000000 1 1 1 0 1 1 -10.000000 0.000000 -20.000000 1.000000 255 255 50 PASSWORDTD
td_5_bar_data=100.000000 0 
td_6_string=PASSWORD:
td_6_data=269.000000 232.000000 2 0 0 0 0.150000 1.200000 -1 255 50 0 400.000000 17.000000 0 1 1 0 1 1 -10.000000 0.000000 -20.000000 1.000000 255 255 50 
td_6_bar_data=100.000000 0 
td_7_string=ld_dual:white
td_7_data=283.000000 297.000000 4 0 1 0 0.600000 2.000000 1687547391 255 50 1 65.500000 30.000000 1 1 1 0 1 1 -10.000000 0.000000 -20.000000 1.000000 255 255 50 LOGINTD
td_7_bar_data=100.000000 0 
td_8_string=LOGIN >>>
td_8_data=298.000000 304.000000 2 0 0 0 0.170833 1.450000 -1 255 50 0 400.000000 17.000000 0 1 1 0 1 1 -10.000000 0.000000 -20.000000 1.000000 255 255 50 
td_8_bar_data=100.000000 0 
td_9_string=xxxxxxxxxxxxxxxx
td_9_data=316.000000 248.000000 2 0 0 0 0.104166 0.850000 255 255 50 0 400.000000 17.000000 0 2 1 0 1 1 -10.000000 0.000000 -20.000000 1.000000 255 255 50 PASSWORDTEXT
td_9_bar_data=100.000000 0 
