td_0_string=_
td_0_data=325.000000 131.000000 1 0 0 0 0.600000 21.950008 -1 255 -421070081 1 293.500000 178.500000 0 2 1 0 1 1 -10.000000 0.000000 -20.000000 1.000000 255 255 255 
td_0_bar_data=100.000000 0 
td_1_string=Character_Setup
td_1_data=283.000000 136.000000 2 0 1 0 0.212500 1.399999 -1 255 50 0 400.000000 17.000000 0 1 1 0 1 1 -10.000000 0.000000 -20.000000 1.000000 255 255 50 
td_1_bar_data=100.000000 0 
td_2_string=ld_dual:white
td_2_data=249.000000 163.000000 4 0 1 0 0.600000 2.000000 1296911871 255 50 1 150.000000 18.500000 1 1 1 0 1 1 -10.000000 0.000000 -20.000000 1.000000 255 255 50 SETNAME
td_2_bar_data=100.000000 0 
td_3_string=ld_dual:white
td_3_data=249.000000 195.000000 4 0 1 0 0.600000 2.000000 1296911871 255 50 1 150.000000 18.500000 1 1 1 0 1 1 -10.000000 0.000000 -20.000000 1.000000 255 255 50 SETORIGIN
td_3_bar_data=100.000000 0 
td_4_string=ORIGIN:
td_4_data=258.000000 197.000000 2 0 0 0 0.158333 1.250000 -1 255 50 0 400.000000 17.000000 0 1 1 0 1 1 -10.000000 0.000000 -20.000000 1.000000 255 255 50 
td_4_bar_data=100.000000 0 
td_5_string=Unknown
td_5_data=394.000000 197.000000 2 0 0 0 0.158333 1.250000 -1 255 50 0 400.000000 17.000000 0 3 1 0 1 1 -10.000000 0.000000 -20.000000 1.000000 255 255 50 ORIGINTD
td_5_bar_data=100.000000 0 
td_6_string=ld_dual:white
td_6_data=249.000000 227.000000 4 0 1 0 0.600000 2.000000 1296911871 255 50 1 150.000000 18.500000 1 1 1 0 1 1 -10.000000 0.000000 -20.000000 1.000000 255 255 50 SETGENDER
td_6_bar_data=100.000000 0 
td_7_string=GENDER:
td_7_data=258.000000 229.000000 2 0 0 0 0.158333 1.250000 -1 255 50 0 400.000000 17.000000 0 1 1 0 1 1 -10.000000 0.000000 -20.000000 1.000000 255 255 50 
td_7_bar_data=100.000000 0 
td_8_string=Unknown
td_8_data=394.000000 229.000000 2 0 0 0 0.158333 1.250000 -1 255 50 0 400.000000 17.000000 0 3 1 0 1 1 -10.000000 0.000000 -20.000000 1.000000 255 255 50 GENDERTD
td_8_bar_data=100.000000 0 
td_9_string=ld_dual:white
td_9_data=249.000000 291.000000 4 0 1 0 0.600000 2.000000 1296911871 255 50 1 150.000000 18.500000 1 1 1 0 1 1 -10.000000 0.000000 -20.000000 1.000000 255 255 50 FINISHSETUP
td_9_bar_data=100.000000 0 
td_10_string=Finish Setup
td_10_data=304.000000 293.000000 2 0 0 0 0.158333 1.250000 -1 255 50 0 400.000000 17.000000 0 1 1 0 1 1 -10.000000 0.000000 -20.000000 1.000000 255 255 50 
td_10_bar_data=100.000000 0 
td_11_string=ld_dual:white
td_11_data=249.000000 258.000000 4 0 1 0 0.600000 2.000000 1296911871 255 50 1 150.000000 18.500000 1 1 1 0 1 1 -10.000000 0.000000 -20.000000 1.000000 255 255 50 SETBIRTHDATE
td_11_bar_data=100.000000 0 
td_12_string=Unknown
td_12_data=394.000000 260.000000 2 0 0 0 0.158333 1.250000 -1 255 50 0 400.000000 17.000000 0 3 1 0 1 1 -10.000000 0.000000 -20.000000 1.000000 255 255 50 BIRTHDATETD
td_12_bar_data=100.000000 0 
td_13_string=BIRTHDATE:
td_13_data=258.000000 260.000000 2 0 0 0 0.158333 1.250000 -1 255 50 0 400.000000 17.000000 0 1 1 0 1 1 -10.000000 0.000000 -20.000000 1.000000 255 255 50 
td_13_bar_data=100.000000 0 
td_14_string=Name:
td_14_data=258.000000 165.000000 2 0 0 0 0.158333 1.250000 -1 255 50 0 400.000000 17.000000 0 1 1 0 1 1 -10.000000 0.000000 -20.000000 1.000000 255 255 50 
td_14_bar_data=100.000000 0 
td_15_string=Unknown
td_15_data=394.000000 166.000000 2 0 0 0 0.158333 1.250000 -1 255 50 0 400.000000 17.000000 0 3 1 0 1 1 -10.000000 0.000000 -20.000000 1.000000 255 255 50 NAMETD
td_15_bar_data=100.000000 0 
