td_0_string=_
td_0_data=53.000000 268.000000 1 0 1 0 0.600000 4.100001 -1 255 135 1 298.500000 105.000000 0 2 1 0 1 1 -10.000000 0.000000 -20.000000 1.000000 255 255 135 
td_0_bar_data=100.000000 0 
td_1_string=~r~Plant Information
td_1_data=4.000000 267.000000 2 0 1 0 0.125000 1.200000 -1 255 50 0 400.000000 17.000000 0 1 1 0 1 1 -10.000000 0.000000 -20.000000 1.000000 255 255 50 
td_1_bar_data=100.000000 0 
td_2_string=Please wait 20 ~n~minute to harvest.
td_2_data=4.000000 282.000000 2 0 1 0 0.125000 1.200000 -1 255 50 0 400.000000 17.000000 0 1 1 0 1 1 -10.000000 0.000000 -20.000000 1.000000 255 255 50 
td_2_bar_data=100.000000 0 
