td_0_string=_
td_0_data=320.000000 354.000000 0 0 1 0 0.600000 10.300003 -1 255 135 1 298.500000 180.500000 0 2 1 0 1 1 -10.000000 0.000000 -20.000000 1.000000 255 255 135 
td_0_bar_data=100.000000 0 
td_1_string=Psutar_Alamyah_(ID:1)
td_1_data=320.000000 357.000000 1 0 0 0 0.195833 1.050000 -1 255 50 0 400.000000 17.000000 0 2 1 0 1 1 -10.000000 0.000000 -20.000000 1.000000 255 255 50 
td_1_bar_data=100.000000 0 
td_2_string=Ping_I_PL:
td_2_data=240.000000 372.000000 1 0 0 0 0.179166 0.950000 -1 255 50 0 400.000000 17.000000 0 1 1 0 1 1 -10.000000 0.000000 -20.000000 1.000000 255 255 50 
td_2_bar_data=100.000000 0 
td_3_string=VW_I_Int:
td_3_data=240.000000 384.000000 1 0 0 0 0.179166 0.950000 -1 255 50 0 400.000000 17.000000 0 1 1 0 1 1 -10.000000 0.000000 -20.000000 1.000000 255 255 50 
td_3_bar_data=100.000000 0 
td_4_string=VW_I_Int:
td_4_data=240.000000 396.000000 1 0 0 0 0.179166 0.950000 -1 255 50 0 400.000000 17.000000 0 1 1 0 1 1 -10.000000 0.000000 -20.000000 1.000000 255 255 50 
td_4_bar_data=100.000000 0 
