td_0_string=ld_dual:white
td_0_data=147.000000 362.000000 4 0 1 0 0.600000 2.000000 -1 255 50 1 2.000000 62.500000 0 1 1 0 1 1 -10.000000 0.000000 -20.000000 1.000000 255 255 50 
td_0_bar_data=100.000000 0 
td_1_string=150
td_1_data=168.000000 383.000000 2 0 0 1 0.358332 1.750000 -1 255 50 0 400.000000 17.000000 0 2 1 0 1 1 -10.000000 0.000000 -20.000000 1.000000 255 255 50 KMHTD
td_1_bar_data=100.000000 0 
td_2_string=KM/H
td_2_data=188.000000 388.000000 2 0 0 1 0.133331 1.000000 -1 255 50 0 400.000000 17.000000 0 2 1 0 1 1 -10.000000 0.000000 -20.000000 1.000000 255 255 50 
td_2_bar_data=100.000000 0 
td_3_string=ld_dual:white
td_3_data=165.000000 403.000000 4 0 1 0 0.600000 2.000000 1296911771 255 50 1 50.000000 7.500000 0 1 1 0 1 1 -10.000000 0.000000 -20.000000 1.000000 155 255 50 
td_3_bar_data=100.000000 0 
td_4_string=ld_dual:white
td_4_data=165.000000 417.000000 4 0 1 0 0.600000 2.000000 1296911771 255 50 1 50.000000 7.500000 0 1 1 0 1 1 -10.000000 0.000000 -20.000000 1.000000 155 255 50 
td_4_bar_data=100.000000 0 
td_5_string=ld_dual:white
td_5_data=165.000000 417.000000 4 0 1 0 0.600000 2.000000 -741092453 255 50 1 50.000000 7.500000 0 1 1 0 1 1 -10.000000 0.000000 -20.000000 1.000000 155 255 50 HEALTHBAR
td_5_bar_data=100.000000 0 
td_6_string=ld_dual:white
td_6_data=165.000000 403.000000 4 0 1 0 0.600000 2.000000 1687547291 255 50 1 50.000000 7.500000 0 1 1 0 1 1 -10.000000 0.000000 -20.000000 1.000000 155 255 50 FUELBAR
td_6_bar_data=100.000000 0 
td_7_string=VHP
td_7_data=152.000000 415.000000 2 0 0 0 0.112498 1.049998 -1 255 50 0 400.000000 17.000000 0 1 1 0 1 1 -10.000000 0.000000 -20.000000 1.000000 255 255 50 
td_7_bar_data=100.000000 0 
td_8_string=FUEL
td_8_data=152.000000 401.000000 2 0 0 0 0.112498 1.049998 -1 255 50 0 400.000000 17.000000 0 1 1 0 1 1 -10.000000 0.000000 -20.000000 1.000000 255 255 50 
td_8_bar_data=100.000000 0 
td_9_string=ld_dual:white
td_9_data=149.000000 381.000000 4 0 1 0 0.600000 2.000000 -1 255 50 1 47.000000 -1.500000 0 1 1 0 1 1 -10.000000 0.000000 -20.000000 1.000000 255 255 50 
td_9_bar_data=100.000000 0 
td_10_string=ENGINE
td_10_data=153.000000 369.000000 1 0 0 0 0.133331 0.800000 852308735 255 50 0 400.000000 17.000000 0 1 1 0 1 1 -10.000000 0.000000 -20.000000 1.000000 255 255 50 ENGINETD
td_10_bar_data=100.000000 0 
td_11_string=DOOR
td_11_data=178.000000 369.000000 1 0 0 0 0.133331 0.800000 -16776961 255 50 0 400.000000 17.000000 0 1 1 0 1 1 -10.000000 0.000000 -20.000000 1.000000 255 255 50 DOORTD
td_11_bar_data=100.000000 0 
