td_0_string=ld_dual:white
td_0_data=504.000000 261.000000 4 0 1 0 0.600000 2.000000 1296911871 255 50 1 126.000000 74.500000 0 1 1 0 1 1 -10.000000 0.000000 -20.000000 1.000000 255 255 50 
td_0_bar_data=100.000000 0 
td_1_string=ld_dual:white
td_1_data=508.000000 266.000000 4 0 1 0 0.600000 2.000000 255 255 50 1 118.000000 65.000000 0 1 1 0 1 1 -10.000000 0.000000 -20.000000 1.000000 255 255 50 
td_1_bar_data=100.000000 0 
td_2_string=ld_dual:white
td_2_data=509.000000 267.000000 4 0 1 0 0.600000 2.000000 -741092353 255 50 1 116.000000 63.000000 0 1 1 0 1 1 -10.000000 0.000000 -20.000000 1.000000 255 255 50 
td_2_bar_data=100.000000 0 
td_3_string=ld_dual:white
td_3_data=509.000000 267.000000 4 0 1 0 0.600000 2.000000 1296911812 255 50 1 116.000000 63.000000 0 1 1 0 1 1 -10.000000 0.000000 -20.000000 1.000000 196 255 50 
td_3_bar_data=100.000000 0 
td_4_string=ld_dual:white
td_4_data=508.000000 291.000000 4 0 1 0 0.600000 2.000000 255 255 50 1 118.000000 1.500000 0 1 1 0 1 1 -10.000000 0.000000 -20.000000 1.000000 255 255 50 
td_4_bar_data=100.000000 0 
td_5_string=ld_dual:white
td_5_data=540.000000 266.000000 4 0 1 0 0.600000 2.000000 255 255 50 1 1.500000 26.500000 0 1 1 0 1 1 -10.000000 0.000000 -20.000000 1.000000 255 255 50 
td_5_bar_data=100.000000 0 
td_6_string=ON
td_6_data=518.000000 271.000000 1 0 0 0 0.233332 1.649999 -1094795521 255 50 0 400.000000 17.000000 0 1 1 0 1 1 -10.000000 0.000000 -20.000000 1.000000 255 255 50 
td_6_bar_data=100.000000 0 
td_7_string=$ 10000
td_7_data=620.000000 270.000000 1 0 0 0 0.266665 1.549998 9109759 255 50 0 400.000000 17.000000 0 3 1 0 1 1 -10.000000 0.000000 -20.000000 1.000000 255 255 50 
td_7_bar_data=100.000000 0 
td_8_string=Total price $
td_8_data=572.000000 281.000000 1 0 0 0 0.133332 0.750000 -1 255 50 0 400.000000 17.000000 0 3 1 0 1 1 -10.000000 0.000000 -20.000000 1.000000 255 255 50 
td_8_bar_data=100.000000 0 
td_9_string=ld_dual:white
td_9_data=554.000000 291.000000 4 0 1 0 0.600000 2.000000 255 255 50 1 1.500000 39.000000 0 1 1 0 1 1 -10.000000 0.000000 -20.000000 1.000000 255 255 50 
td_9_bar_data=100.000000 0 
td_10_string=$ 2
td_10_data=548.000000 297.000000 1 0 0 0 0.362499 1.899998 1687547391 255 50 0 400.000000 17.000000 0 3 1 0 1 1 -10.000000 0.000000 -20.000000 1.000000 255 255 50 
td_10_bar_data=100.000000 0 
td_11_string=Price per 50m
td_11_data=543.000000 319.000000 1 0 0 0 0.133332 0.750000 -1 255 50 0 400.000000 17.000000 0 3 1 0 1 1 -10.000000 0.000000 -20.000000 1.000000 255 255 50 
td_11_bar_data=100.000000 0 
td_12_string=0.0mi
td_12_data=619.000000 297.000000 1 0 0 0 0.295832 1.799998 -764862721 255 50 0 400.000000 17.000000 0 3 1 0 1 1 -10.000000 0.000000 -20.000000 1.000000 255 255 50 
td_12_bar_data=100.000000 0 
td_13_string=Total distance
td_13_data=620.000000 319.000000 1 0 0 0 0.133332 0.750000 -1 255 50 0 400.000000 17.000000 0 3 1 0 1 1 -10.000000 0.000000 -20.000000 1.000000 255 255 50 
td_13_bar_data=100.000000 0 
