td_0_string=ID:_5_I_Score:_1200_I_K:_120_I_D:_120_I_Ping:_100ms_I_Packetloss:_0.20
td_0_data=2.000000 436.000000 1 0 1 0 0.175000 1.200000 -1 255 50 1 400.000000 17.000000 0 1 1 0 1 1 -10.000000 0.000000 -20.000000 1.000000 255 255 50 
td_0_bar_data=100.000000 0 
