td_0_string=ld_dual:white
td_0_data=39.000000 199.000000 4 1 1 0 0.600000 2.000000 617414553 255 50 1 212.500000 17.000000 0 1 1 0 1 1 -10.000000 0.000000 -20.000000 1.000000 153 255 50 
td_0_bar_data=100.000000 0 
td_1_string=ld_dual:white
td_1_data=39.000000 177.000000 4 1 1 0 0.600000 2.000000 -764862823 255 50 1 212.500000 17.000000 0 1 1 0 1 1 -10.000000 0.000000 -20.000000 1.000000 153 255 50 
td_1_bar_data=100.000000 0 
td_2_string=ld_dual:white
td_2_data=39.000000 156.000000 4 1 1 0 0.600000 2.000000 1296911769 255 50 1 212.500000 17.000000 0 1 1 0 1 1 -10.000000 0.000000 -20.000000 1.000000 153 255 50 
td_2_bar_data=100.000000 0 
td_3_string=ld_dual:white
td_3_data=39.000000 133.000000 4 1 1 0 0.600000 2.000000 -16777063 255 50 1 212.500000 17.000000 0 1 1 0 1 1 -10.000000 0.000000 -20.000000 1.000000 153 255 50 
td_3_bar_data=100.000000 0 
td_4_string=ld_dual:white
td_4_data=39.000000 110.000000 4 1 1 0 0.600000 2.000000 -103 255 50 1 212.500000 17.000000 0 1 1 0 1 1 -10.000000 0.000000 -20.000000 1.000000 153 255 50 
td_4_bar_data=100.000000 0 
