td_0_string=02:03:59
td_0_data=548.000000 25.000000 1 0 1 0 0.337500 1.200000 -1 255 50 0 400.000000 17.000000 0 1 1 0 1 1 -10.000000 0.000000 -20.000000 1.000000 255 255 50 TIMETD
td_0_bar_data=100.000000 0 
td_1_string=~r~Revitalize
td_1_data=276.000000 9.000000 0 0 1 0 0.312500 1.400002 -1 255 50 0 400.000000 17.000000 0 1 1 0 1 1 -10.000000 0.000000 -20.000000 1.000000 255 255 50 
td_1_bar_data=100.000000 0 
td_2_string=Roleplay
td_2_data=317.000000 9.000000 0 0 1 0 0.312500 1.400002 -1 255 50 0 400.000000 17.000000 0 1 1 0 1 1 -10.000000 0.000000 -20.000000 1.000000 255 255 50 
td_2_bar_data=100.000000 0 
td_3_string=v3.2b consistent
td_3_data=301.000000 24.000000 1 0 1 0 0.145833 0.850001 -1094795521 255 50 0 400.000000 17.000000 0 1 1 0 1 1 -10.000000 0.000000 -20.000000 1.000000 255 255 50 
td_3_bar_data=100.000000 0 
