td_0_string=ld_dual:white
td_0_data=264.000000 29.000000 4 1 1 0 0.600000 2.000000 -1094795647 255 50 1 104.500000 17.000000 0 1 1 0 1 1 -10.000000 0.000000 -20.000000 1.000000 129 255 50 
td_0_bar_data=100.000000 0 
td_1_string=ld_dual:white
td_1_data=292.000000 29.000000 4 1 1 0 0.600000 2.000000 -16777083 255 50 1 49.000000 17.000000 0 1 1 0 1 1 -10.000000 0.000000 -20.000000 1.000000 133 255 50 
td_1_bar_data=100.000000 0 
td_2_string=10:00
td_2_data=317.000000 30.000000 1 1 1 0 0.300000 1.500000 -1 255 50 0 400.000000 17.000000 0 2 1 0 1 1 -10.000000 0.000000 -20.000000 1.000000 255 255 50 
td_2_bar_data=100.000000 0 
td_3_string=100
td_3_data=278.000000 30.000000 1 1 0 0 0.300000 1.500000 -1 255 50 0 400.000000 17.000000 0 2 1 0 1 1 -10.000000 0.000000 -20.000000 1.000000 255 255 50 
td_3_bar_data=100.000000 0 
td_4_string=20
td_4_data=354.000000 30.000000 1 1 0 0 0.300000 1.500000 -1 255 50 0 400.000000 17.000000 0 2 1 0 1 1 -10.000000 0.000000 -20.000000 1.000000 255 255 50 
td_4_bar_data=100.000000 0 
