td_0_string=_
td_0_data=550.000000 154.000000 1 0 1 0 0.649999 27.300003 -1 255 135 1 298.500000 115.000000 0 2 1 0 1 1 -10.000000 0.000000 -20.000000 1.000000 255 255 135 
td_0_bar_data=100.000000 0 
td_1_string=_
td_1_data=550.000000 154.000000 1 0 1 0 0.649999 4.500008 -1 255 -1061109625 1 298.500000 115.000000 0 2 1 0 1 1 -10.000000 0.000000 -20.000000 1.000000 255 255 135 
td_1_bar_data=100.000000 0 
td_2_string=_
td_2_data=550.000000 157.000000 1 0 1 0 0.649999 3.800005 1296911871 255 204 1 298.500000 109.500000 0 2 1 0 1 1 -10.000000 0.000000 -20.000000 1.000000 255 255 204 
td_2_bar_data=100.000000 0 
td_3_string=Gunsmith
td_3_data=514.000000 160.000000 0 0 0 0 0.629166 2.449999 -1 255 50 0 400.000000 17.000000 0 1 1 0 1 1 -10.000000 0.000000 -20.000000 1.000000 255 255 50 
td_3_bar_data=100.000000 0 
td_4_string=_
td_4_data=550.000000 222.000000 1 0 1 0 0.649999 -0.349992 -1 255 -1061109625 1 298.500000 115.000000 0 2 1 0 1 1 -10.000000 0.000000 -20.000000 1.000000 255 255 135 
td_4_bar_data=100.000000 0 
td_5_string=ld_dual:white
td_5_data=494.000000 232.000000 4 0 1 0 0.600000 2.000000 151 255 50 1 113.000000 16.000000 0 1 1 0 1 1 -10.000000 0.000000 -20.000000 1.000000 151 255 50 
td_5_bar_data=100.000000 0 
td_6_string=ld_dual:white
td_6_data=494.000000 257.000000 4 0 1 0 0.600000 2.000000 151 255 50 1 113.000000 16.000000 0 1 1 0 1 1 -10.000000 0.000000 -20.000000 1.000000 151 255 50 
td_6_bar_data=100.000000 0 
td_7_string=Antler_Knife_($40.00)
td_7_data=501.000000 236.000000 1 0 0 0 0.187500 0.849999 -1 255 50 0 400.000000 17.000000 0 1 1 0 1 1 -10.000000 0.000000 -20.000000 1.000000 255 255 50 
td_7_bar_data=100.000000 0 
td_8_string=FN_Mle_1903_($275.00)
td_8_data=501.000000 260.000000 1 0 0 0 0.187500 0.849999 -1 255 50 0 400.000000 17.000000 0 1 1 0 1 1 -10.000000 0.000000 -20.000000 1.000000 255 255 50 
td_8_bar_data=100.000000 0 
td_9_string=ld_dual:white
td_9_data=494.000000 281.000000 4 0 1 0 0.600000 2.000000 151 255 50 1 113.000000 16.000000 0 1 1 0 1 1 -10.000000 0.000000 -20.000000 1.000000 151 255 50 
td_9_bar_data=100.000000 0 
td_10_string=Winchester_1897_($358.00)
td_10_data=501.000000 284.000000 1 0 0 0 0.187500 0.849999 -1 255 50 0 400.000000 17.000000 0 1 1 0 1 1 -10.000000 0.000000 -20.000000 1.000000 255 255 50 
td_10_bar_data=100.000000 0 
td_11_string=ld_dual:white
td_11_data=494.000000 308.000000 4 0 1 0 0.600000 2.000000 151 255 50 1 113.000000 16.000000 0 1 1 0 1 1 -10.000000 0.000000 -20.000000 1.000000 151 255 50 
td_11_bar_data=100.000000 0 
td_12_string=Carcano_Rifle_($556.00)
td_12_data=501.000000 311.000000 1 0 0 0 0.187500 0.849999 -1 255 50 0 400.000000 17.000000 0 1 1 0 1 1 -10.000000 0.000000 -20.000000 1.000000 255 255 50 
td_12_bar_data=100.000000 0 
td_13_string=ld_dual:white
td_13_data=494.000000 374.000000 4 0 1 0 0.600000 2.000000 151 255 50 1 113.000000 16.000000 0 1 1 0 1 1 -10.000000 0.000000 -20.000000 1.000000 151 255 50 
td_13_bar_data=100.000000 0 
td_14_string=Close
td_14_data=501.000000 377.000000 1 0 0 0 0.187500 0.849999 -1 255 50 0 400.000000 17.000000 0 1 1 0 1 1 -10.000000 0.000000 -20.000000 1.000000 255 255 50 
td_14_bar_data=100.000000 0 
