td_0_string=ld_dual:white
td_0_data=163.000000 395.000000 4 0 1 0 0.600000 2.000000 171 255 50 1 22.500000 24.000000 0 1 1 0 1 1 -10.000000 0.000000 -20.000000 1.000000 171 255 50 
td_0_bar_data=100.000000 0 
td_1_string=HUD:radar_burgershot
td_1_data=166.000000 399.000000 4 0 1 0 0.600000 2.000000 -1 255 50 1 17.000000 17.000000 0 1 1 0 1 1 -10.000000 0.000000 -20.000000 1.000000 255 255 50 
td_1_bar_data=100.000000 0 
td_2_string=ld_dual:white
td_2_data=163.000000 419.000000 4 0 1 0 0.600000 2.000000 -1094795605 255 50 1 22.500000 3.000000 0 1 1 0 1 1 -10.000000 0.000000 -20.000000 1.000000 171 255 50 
td_2_bar_data=100.000000 0 
td_3_string=ld_dual:white
td_3_data=163.000000 419.000000 4 0 1 0 0.600000 2.000000 16711851 255 50 1 22.500000 3.000000 0 1 1 0 1 1 -10.000000 0.000000 -20.000000 1.000000 171 255 50 HUNGERBAR
td_3_bar_data=100.000000 0 
td_4_string=ld_dual:white
td_4_data=163.000000 353.000000 4 0 1 0 0.600000 2.000000 171 255 50 1 22.500000 24.000000 0 1 1 0 1 1 -10.000000 0.000000 -20.000000 1.000000 171 255 50 
td_4_bar_data=100.000000 0 
td_5_string=ld_dual:white
td_5_data=163.000000 377.000000 4 0 1 0 0.600000 2.000000 -1094795605 255 50 1 22.500000 3.000000 0 1 1 0 1 1 -10.000000 0.000000 -20.000000 1.000000 171 255 50 
td_5_bar_data=100.000000 0 
td_6_string=ld_dual:white
td_6_data=163.000000 377.000000 4 0 1 0 0.600000 2.000000 16711851 255 50 1 22.500000 3.000000 0 1 1 0 1 1 -10.000000 0.000000 -20.000000 1.000000 171 255 50 THIRSTBAR
td_6_bar_data=100.000000 0 
td_7_string=HUD:radar_diner
td_7_data=166.500000 356.000000 4 0 1 0 0.600000 2.000000 -1 255 50 1 17.000000 17.000000 0 1 1 0 1 1 -10.000000 0.000000 -20.000000 1.000000 255 255 50 
td_7_bar_data=100.000000 0 
