td_0_string=ld_dual:white
td_0_data=529.000000 432.000000 4 0 1 0 0.600000 2.000000 1296911871 255 50 1 97.500000 8.000000 0 1 1 0 1 1 -10.000000 0.000000 -20.000000 1.000000 255 255 50 
td_0_bar_data=100.000000 0 
td_1_string=ld_dual:white
td_1_data=533.000000 435.000000 4 0 1 0 0.600000 2.000000 -16777012 255 50 1 90.500000 3.000000 0 1 1 0 1 1 -10.000000 0.000000 -20.000000 1.000000 204 255 50 HEALTHBAR
td_1_bar_data=100.000000 0 
td_2_string=ld_dual:white
td_2_data=529.000000 403.000000 4 0 1 0 0.600000 2.000000 1296911871 255 50 1 65.000000 29.000000 0 1 1 0 1 1 -10.000000 0.000000 -20.000000 1.000000 255 255 50 
td_2_bar_data=100.000000 0 
td_3_string=ld_dual:white
td_3_data=550.000000 427.000000 4 0 1 0 0.600000 2.000000 -52 255 50 1 38.000000 3.000000 0 1 1 0 1 1 -10.000000 0.000000 -20.000000 1.000000 204 255 50 ARMORBAR
td_3_bar_data=100.000000 0 
td_4_string=0%
td_4_data=540.000000 425.000000 1 0 0 0 0.137500 0.650000 -1 255 50 0 400.000000 17.000000 0 2 1 0 1 1 -10.000000 0.000000 -20.000000 1.000000 255 255 50 ARMORAMOUNT
td_4_bar_data=100.000000 0 
td_5_string=ld_dual:white
td_5_data=550.000000 418.000000 4 0 1 0 0.600000 2.000000 1687547340 255 50 1 38.000000 3.000000 0 1 1 0 1 1 -10.000000 0.000000 -20.000000 1.000000 204 255 50 THIRSTBAR
td_5_bar_data=100.000000 0 
td_6_string=0%
td_6_data=540.000000 416.000000 1 0 0 0 0.137500 0.650000 -1 255 50 0 400.000000 17.000000 0 2 1 0 1 1 -10.000000 0.000000 -20.000000 1.000000 255 255 50 THIRSTAMOUNT
td_6_bar_data=100.000000 0 
td_7_string=ld_dual:white
td_7_data=550.000000 409.000000 4 0 1 0 0.600000 2.000000 -2686772 255 50 1 38.000000 3.000000 0 1 1 0 1 1 -10.000000 0.000000 -20.000000 1.000000 204 255 50 HUNGERBAR
td_7_bar_data=100.000000 0 
td_8_string=0%
td_8_data=540.000000 407.000000 1 0 0 0 0.137500 0.650000 -1 255 50 0 400.000000 17.000000 0 2 1 0 1 1 -10.000000 0.000000 -20.000000 1.000000 255 255 50 HUNGERAMOUNT
td_8_bar_data=100.000000 0 
